	Eukaryote	EukaryoteVirus	Plasmid	Prokaryote	ProkaryoteVirus	TotalCnt
SRZ187075	18.769554150188025	10.337956466006913	21.72933107340514	20.736056182300874	28.427102128099047	164607
SRZ187076	25.923027673045457	20.26290917590626	21.323387432799112	16.422422992103577	16.06825272614559	196798
SRZ187077	20.059822105516208	6.4907446788838135	34.98160031066812	25.426706363148842	13.041126541783013	216308
SRZ187078	20.61845252130562	12.459999326304443	25.76231624458319	19.918205433552814	21.241026474253932	504679
SRZ187079	18.549698255669764	9.20113533026537	29.183774697566754	23.671084901760864	19.39430681473725	72578
SRZ187080	17.525317665042515	16.1865864144454	26.514282984618323	21.496130696474633	18.27768223941913	83736
SRZ187081	13.016909266885545	15.693735410775625	29.195528817869548	20.97906742831116	21.114759076158123	105386
SRZ187082	16.69222311519138	8.177241777151055	33.51116019702296	22.72469541808213	18.894679492552473	202819
SRZ187083	19.92533044597438	9.719810414921653	30.307054280986332	22.742037631003697	17.305767227113936	195796
SRZ187084	16.48043208783425	11.309987604037541	32.81476890384275	22.859482911280327	16.535328493005135	225880
SRZ187085	18.92175993681325	7.938996910353799	32.880920853950336	24.709038957418635	15.549283341463982	172188
SRZ187086	19.27164867759743	11.957238197248085	27.46560105462635	21.80385048474362	19.501661585784515	145644
SRZ187087	16.397661252555977	11.828201288073037	31.815125816637376	22.623811268088893	17.335200374644714	215671
SRZ187088	20.085473963106462	8.900362039397871	30.123674110099902	22.80031576368536	18.090174123710405	110209
SRZ187089	19.533522997445175	10.158044471667244	29.75926627390614	21.524996171793777	19.024170085187663	124079
SRZ187090	15.950092319394434	8.920323148551415	35.87083872629906	21.451224075425866	17.80752173032922	163021
SRZ187091	19.38583399178641	7.784378566620819	31.587213329041194	23.292655565635577	17.949918546916003	102513
SRZ187092	17.77420809378875	10.213053770713561	26.841205425919664	20.402622778341414	24.768909931236614	106452
SRZ187093	19.03768446943078	24.99450983836964	24.114985945186227	17.15455903021785	14.698260716795502	91072
SRZ187094	15.527608999419089	7.977328748842102	34.13090920509318	23.25216271803809	19.11199032860754	127386
SRZ187095	14.811750411830914	9.84145441534918	28.13047399688425	20.412650849377968	26.80367032655769	134157
SRZ187096	14.54462285876526	12.669958042840468	32.86617874380895	20.797974699517336	19.121265655067983	126796
SRZ187097	16.591958649324237	8.710757107147396	32.41367622759819	22.20988857348642	20.073719442443757	118015
SRZ187098	15.729959695476937	9.810232870577698	24.826466636811464	19.027093596059114	30.606247201074787	71456
SRZ187099	14.289888953828171	12.030001948178453	33.09175920514319	21.452042340411715	19.13630755243847	153990
SRZ187100	15.482170457054538	8.460752925590638	32.4416261867962	22.253118790019872	21.362331640538752	144928
SRZ187101	16.96631717758936	10.936469757896008	31.4893063771696	20.219908804710208	20.38799788263482	215362
SRZ187102	12.6540619703477	9.971313071475977	36.13565680999161	24.002128208081707	17.23683994010301	182313
SRZ187103	17.827055420725422	9.465740217427442	31.507696399481365	22.287974999168856	18.911532963196915	150395
SRZ187104	19.626752012577292	11.128657556552193	28.595793064241047	20.020494248275185	20.628303118354285	142479
SRZ187105	15.142320191065346	11.996397948396696	33.830573065528625	21.032196598932437	17.998512196076895	153246
SRZ187106	16.939402442806717	8.588223131341476	31.647934543413726	22.333810867093	20.49062901534508	135418
SRZ187107	15.56331910954431	10.624092520146846	32.78784151359714	21.84609141690496	19.178655439806743	157717
SRZ187108	15.00731868577041	11.275362208064696	35.031472259696784	21.356421907903034	17.32942493856508	261659
SRZ187109	19.380936995153473	9.310500807754442	29.605169628432957	23.150888529886913	18.552504038772213	77375
SRZ187110	19.728646258565806	9.779926428093093	31.5767505435331	20.94872900402719	17.965947765780808	218018
SRZ187111	20.287877440503387	13.824434011732201	31.26266823259565	19.612647227477762	15.012373087691001	326111
SRZ187112	18.839076792171877	8.475590299936183	31.951978302488833	23.55084024675601	17.182514358647097	75216
SRZ187113	19.7576208531556	8.45398199966754	31.828292343130347	23.254783069872	16.70532173417451	126331
SRZ187114	17.488409003201454	10.832758086520744	33.645144282771405	21.091537621141544	16.942151006364856	183979
SRZ187115	20.691907604124992	19.524303315832878	25.931429784523935	16.34482702309897	17.507532272419226	122473
SRZ187116	18.904163076260232	9.139379577768203	30.176244075829384	22.002908229211545	19.777305040930635	148544
SRZ187117	14.176554865728665	11.524925608904889	34.63282024907241	21.879431321406265	17.78626795488777	136105
SRZ187118	19.858984564806104	7.779627198196987	32.402534969553486	22.391886443288843	17.56696682415458	96727
SRZ187119	16.101003157691235	8.708353919188882	31.32451184671235	22.617231972160763	21.24889910424677	93106
SRZ187120	13.482922515751078	12.262628495633912	34.45340997015585	21.061125234884493	18.739913783574664	45235
SRZ187121	13.435670200981168	11.638972411246506	34.043361291343565	21.539273091733925	19.342723004694836	94785
SRZ187122	16.47821708409409	8.460171774319003	30.464150912499896	21.799290960151307	22.798169268935702	122137
SRZ187123	15.43169486470727	9.530804189423176	36.20610608872924	22.310948495733573	16.52044636140674	224661
SRZ187124	16.257300519595603	6.882023603335079	38.05614854795183	24.818141539453016	13.986385789664478	124135
SRZ187125	16.55451863125993	9.509218835529566	30.68917637948759	20.59852338420048	22.648562769522435	149802
SRZ187126	15.457428499603582	17.889118790246165	27.872101792586005	21.291551447411678	17.489799470152573	103426
SRZ187127	19.24488725747247	8.733007946432172	29.405832761889396	22.77439393328224	19.841878100923722	49582
SRZ187128	12.925128826917248	9.990906335253108	28.511670203091846	19.563504092149135	29.008790542588663	49485
SRZ187129	14.01095351218106	10.218970846958959	30.631069408689257	20.132793940779468	25.006212291391254	100607
SRZ187130	13.821668869561433	10.352517555167555	33.16580454612209	22.068110242644778	20.591898786504142	183849
SRZ187131	18.988226108040354	11.315675920027944	28.691584304217095	19.717673166622145	21.28684050109246	146001
SRZ187132	16.542758319087188	14.232894684530672	28.058945917650643	21.50306789117269	19.662333187558808	75459
SRZ187133	19.343598388290438	16.541608420360166	24.121166022531042	21.341789326535647	18.651837842282706	97288
SRZ187134	14.875426297840091	9.91221422255905	32.20127573575849	19.790482505999748	23.22060123784262	126672
SRZ187135	15.33394033527931	10.772320711263458	34.81334690161213	21.523217824433612	17.557174227411494	186710
SRZ187136	16.473171813415167	8.611772784823708	30.648011044586077	22.028369707504453	22.238674649670592	139797
SRZ187137	15.222765292185436	9.785418383357225	28.958923592690002	20.239076204129088	25.79381652763825	88591
SRZ187138	15.20019094218032	11.040634882749567	36.29572170177218	20.82642162420192	16.637030849096007	167590
SRZ187139	15.524932567950758	9.220035963759596	30.732588699080157	23.087696244553566	21.434746524655925	115672
SRZ187140	18.564943510749533	8.805777290386201	34.41806295852354	20.766706621441262	17.44450961889946	235266
SRZ187141	13.80708158831829	12.319992833307206	33.94436854717699	20.249266533784237	19.679290497413273	89302
SRZ187142	20.04113252639879	8.00214604485559	30.745344139427885	22.909028833413267	18.30234845590447	123017
SRZ187143	14.18870656842888	9.215174019823682	32.94586158648154	24.119137777516855	19.531120047749045	102201
SRZ187144	14.670215660929316	11.991462004217974	33.09663922715831	20.759915640519765	19.481767467174638	117592
SRZ187145	18.521888585582854	6.882158383523261	35.540245822320436	26.894579487846094	12.161127720727357	138474
SRZ187146	29.306043480474518	10.019856422789063	28.093726841244788	19.051417386532705	13.528955868958924	176769
SRZ187147	16.640940830576994	10.816878821288965	34.962413551167685	23.531455681400555	14.0483111155658	149655
SRZ187148	19.841541592954023	7.612851680648291	33.53211969031178	25.62536856322167	13.388118472864235	105138
SRZ187149	24.91732920565679	11.390980088651235	28.479795492389595	19.36724594854476	15.844649264757617	85278
SRZ187150	19.203094662303418	23.73137218875851	26.26291718600251	17.052423539693812	13.750192423241748	201379
SRZ187151	26.344770640376446	8.973427909151503	29.92966503845044	21.14973288632	13.60240352570161	201038
SRZ187152	26.231219711169597	8.913535404547089	30.249983004263502	20.788699292006175	13.816562588013635	205934
SRZ187153	21.04553506468858	15.116803213867712	29.9477272008351	18.681001486730143	15.208933033878468	252904
SRZ187154	20.54985491740829	10.00664624163141	31.084147903191816	24.20042471105059	14.158926226717892	123378
SRZ187155	20.849062963462316	8.401869578895331	32.14125207855827	24.337670217068897	14.27014516201519	178008
SRZ187156	19.948806081437432	8.668867186789605	33.66795788095368	24.197082946878353	13.517285903940932	219948
SRZ187157	18.069757248617524	8.129139172255613	34.89783787353872	24.514106959513416	14.38915874607473	166549
SRZ187158	14.35661337669743	8.725616495251773	37.438843248646634	23.210351066151365	16.2685758132528	142053
SRZ187159	13.524005421729722	11.43021900934535	35.53967612298766	21.790954271990106	17.71514517394716	168212
SRZ187160	25.402823874776818	21.59311228681279	24.914286966141983	18.62902960796556	9.46074726430285	91293
SRZ187161	22.490853227672194	12.698703487550445	28.49029840199737	22.40919963779305	13.91094524498694	191051
SRZ187162	14.77645839734437	9.161560845126425	37.119171983348096	23.991637899353563	14.951170874827547	165987
SRZ187163	18.69361578804678	13.522862191143062	32.42214888703993	23.408153916628493	11.953219217141735	106967
SRZ187164	21.373483839304495	9.009324826474094	33.49716048517142	21.916847787982892	14.203183061067097	142630
SRZ187165	13.945173364230078	10.791985553357984	35.86903883666514	23.38889618060113	16.004906065145665	220951
SRZ187166	21.010435916947493	6.631155560386999	35.411457767148605	26.59392325252745	10.353027502989455	73592
SRZ187167	19.4648397716776	8.874138461902845	30.31725918381848	22.640984344283652	18.702778238317425	168884
SRZ187168	14.67080600406832	11.647973703032978	35.876793839691985	22.629899610922575	15.174526842284143	197133
SRZ187169	20.273993571100565	5.827338129496403	35.87019745905403	26.903413439461197	11.125057400887801	65330
SRZ187170	17.21939348222384	9.150749391596397	33.764379428325114	23.889831802221682	15.975645895632963	111357
SRZ187171	18.694918432402027	27.092443277704856	22.696418526157885	16.45752859553722	15.058691168198012	133325
SRZ187172	22.69621340339	12.273599919165383	29.683987167504483	23.647914719478617	11.698284790461516	158348
SRZ187173	22.09433496668664	8.637383814526268	32.56365965147295	22.903961175544353	13.80066039176978	170202
SRZ187174	17.269259758353698	9.704679898590777	35.2747261113522	23.394163640377926	14.357170591325401	131349
SRZ187175	21.292341100332873	7.0674457476749	33.477149020672314	27.414032029944142	10.749032101375773	69997
SRZ187176	17.3502883121033	10.309517930543654	28.855175819547124	22.251594068178186	21.233423869627735	137698
SRZ187177	13.852076233749843	11.199270248872672	34.90929744242883	23.345151629892257	16.694204445056396	174306
SRZ187178	22.093675213675212	11.093333333333334	30.245470085470085	24.16	12.407521367521367	73125
SRZ187179	18.112903035800535	10.476869249708436	30.562983731313395	22.335575529822	18.511668453355636	169774
SRZ187180	23.17446134288899	16.96758384995901	29.866798087640593	17.46778190259495	12.523374816916458	217114
SRZ187181	19.301618753358408	8.448078989790435	32.96194922084901	23.92279016657711	15.365562869425041	119104
SRZ187182	18.477038693406683	10.051646264380594	30.79209996379044	22.382588919875236	18.296626158547046	157417
SRZ187183	21.94894133166886	24.406255948507507	23.47751408827917	17.160918471692852	13.006370159851613	225897
SRZ187184	22.805616344264653	8.561890005271312	30.375541108253596	28.175966008018786	10.080986534191652	62603
SRZ187185	18.283915879186118	13.818453881560757	28.65914155132313	20.18037506302555	19.058113624904443	122966
SRZ187186	15.480501355944748	11.962445881152632	34.79518097765467	22.21846305116643	15.543408734081526	189167
SRZ187187	19.371159787551637	9.619189780261742	31.07578019231437	23.878744749540044	16.055125490332212	115228
SRZ187188	23.584438652941778	11.92434809195871	27.994554693301108	17.973879999417615	18.522778562380793	137366
SRZ187189	22.345997258536386	14.579880930460934	29.855868573415986	18.13866895803924	15.079584279547454	195516
SRZ187190	22.37660678252491	9.61032250857067	31.69716731484908	23.29895755510714	13.0169458389482	143221
SRZ187191	18.65049919050189	10.821415722252203	29.232438388199316	21.45675930922828	19.838887389818314	177888
SRZ187192	21.236238339356248	17.560299184805444	28.204891167324984	17.46029078073788	15.538280527775443	118990
SRZ187193	19.069868660231958	6.295604086126117	36.087713459125936	27.521185898256483	11.025627896259504	78118
SRZ187194	18.541764218564275	11.922342686309117	29.408745452580774	23.82937722868566	16.297770413860174	111052
SRZ187195	23.268795253739913	11.443384212992838	31.881451456584625	20.98988377257013	12.416485304112493	407563
SRZ187196	19.122743782404967	6.277206310477722	36.41001469487343	27.06213436105027	11.127900851193612	72134
SRZ187197	17.51864288517727	9.986481182678471	30.57345950896167	26.5274083118922	15.394008111290393	114655
SRZ187198	16.226114937541805	10.935878662978832	34.220583184192925	22.55219914312056	16.06522407216588	276585
SRZ187199	24.52064944687821	7.621511302923551	29.830878625190117	25.851781559140484	12.17517906586764	76927
SRZ187200	17.647095156329137	9.337129868685995	35.41525120134402	22.40151449642376	15.199009277217082	323804
SRZ187201	20.635232936746757	22.576886872521335	24.236532259308984	19.111769516843356	13.439578414579572	259212
SRZ187202	20.218317863231672	9.075108922144345	30.917787459746165	25.153911725705626	14.634874029172192	211160
SRZ187203	20.513708955257464	8.926458081151255	30.633541378860354	25.28495637343797	14.641335211292958	222227
SRZ187204	21.16424708226587	16.915741531454596	27.47607102191859	20.684777967549103	13.759162396811842	224832
SRZ187206	27.878040976904572	9.105452132386922	28.392326014053964	23.86329971915771	10.76088115749683	84389
SRZ187207	24.478872430268964	9.743673219261373	29.593917864358417	23.61854515162251	12.564991334488735	208874
SRZ187208	19.103405103710212	7.689758386507941	32.702778055413816	25.66110985444273	14.842948599925302	190097
SRZ187209	15.612578366747075	8.022398472042218	34.330681317863586	24.769783146576046	17.264558696771072	161261
SRZ187210	13.453752551333386	8.542923744409373	34.84981987307465	25.668923365194793	17.484580465987797	179318
SRZ187211	12.544842552814563	8.715325449901826	35.09677133619735	26.41244814503152	17.23061251605474	135474
SRZ187212	26.24759286701172	11.450436326410813	27.326417971350644	22.27090178897408	12.704651046252748	139689
SRZ187213	18.45688550787802	14.37523937821097	30.66682515155117	22.15618685367883	14.34486310868101	151434
SRZ187214	18.368076459963877	11.664032711218141	31.15593016255268	24.69019666867349	14.121763997591811	159456
SRZ187215	20.312216934653605	9.579041786520676	31.135531135531135	24.734774674461043	14.238435468833538	226317
SRZ187216	16.938707179776927	8.883169062715801	33.28206415970871	25.60319752233871	15.292862075459853	191148
SRZ187217	15.920929020072697	8.955737761360673	32.734087186625416	25.898254398433927	16.49099163350729	203311
SRZ187218	17.21954025216981	7.307237441594447	34.78741348223114	28.078610804138634	12.607198019865967	154737
SRZ187219	17.898124232544355	9.016809925053986	33.9098954143202	26.095079815387223	13.080090612694246	188936
SRZ187220	12.96149358226371	8.68051341890315	37.108984830805134	25.768961493582264	15.480046674445742	107125
SRZ187221	12.056214332699248	9.333499262209106	37.93311881100109	25.42800760902416	15.2491599850664	112498
SRZ187222	13.000436964153872	9.167959980110597	36.84059849021351	25.440354392996518	15.550650172525502	132734
SRZ187223	13.084220268394262	10.99156768985552	34.245976656897525	24.11820659159854	17.56002879325415	77796
SRZ187224	17.429102218025434	12.119594781841135	32.04590009134857	24.112943784704758	14.2924591240801	97429
SRZ187225	17.798697214256016	9.231441699804902	33.49289438053711	24.563161654175417	14.913805051226559	93799
SRZ187226	17.041487149012035	8.947407517456544	34.4423191204873	25.077068786213044	14.49171742683108	107696
SRZ187227	13.33721149613232	9.785548078737186	36.90412552669643	25.224828627130368	14.74828627130369	127208
SRZ187228	14.202835292940867	10.978348837420775	34.449991361358904	24.155459166507534	16.213365341771922	109971
SRZ187229	14.101531023368251	9.789554560275846	35.88909918857635	23.8910855836441	16.32872964413545	106726
SRZ187230	26.959002875198856	8.93500882992542	28.642526672212735	23.8210954945488	11.64236612811419	137034
SRZ187231	21.76590224841458	14.071808340272884	29.008391518800845	21.77711229261418	13.376785599897508	124888
SRZ187232	21.04731611088563	10.780862129177796	32.59176758190416	22.516918836776878	13.063135341255533	211894
SRZ187233	17.923142349029614	10.594345215082862	33.222505734683885	23.833732828165676	14.426273873037966	155196
SRZ187234	15.65052620797378	7.847028397306225	36.27762271784498	27.166926996645586	13.057895680229432	156212
SRZ187235	14.671417004048584	8.57587044534413	36.15676113360324	27.18186234817814	13.414089068825911	154375
SRZ187236	11.401057142576956	8.892549988722505	21.981308777813734	15.862041913055416	41.86304217783139	101973
SRZ187237	13.360663780978445	9.955624366257073	30.340067817307588	20.131491435611718	26.212152599845176	91717
SRZ187238	10.850259851604093	9.054055484403612	31.662732728600613	21.869873090805168	26.563078844586514	94477
SRZ187239	13.821561787402407	9.169573687310288	33.47604161947477	21.56933810537761	21.96348480043492	132438
SRZ187240	14.60966086294541	8.477689644163945	34.56300189091623	21.598683725841703	20.750963876132708	203605
SRZ187241	12.544788218144166	11.078186945681939	32.70255173635237	20.789907494448304	22.884565605373222	146802
SRZ187242	11.492102088695965	11.433212070554042	32.63931763566075	21.41412030660803	23.021247898481207	105281
SRZ187243	11.830576164982528	7.433165206314231	33.26418894493123	24.831729527809816	22.640340155962196	116182
SRZ187244	10.92572536485985	8.773298393632087	32.25838212016329	20.223876640638608	27.818717480706166	132037
SRZ187245	9.35390720498875	9.11253033819335	28.92580650876043	19.540453877088243	33.06730207096923	225788
SRZ187246	12.998144765794658	9.565961485913164	27.340255705923806	23.857736614269484	26.237901428098887	139066
SRZ187247	10.025760960082186	10.380655153359431	28.360404392593917	20.168263431110834	31.06491606285363	128489
SRZ187248	11.219126910008544	10.478470800961711	26.841953623303596	18.53378901981044	32.92665964591571	201308
SRZ187249	11.982213723660148	8.634387306790503	25.13146213207676	19.370651126438876	34.88128571103371	131787
SRZ187250	9.012511347041876	9.422978253147571	20.419741879464816	17.23072976279749	43.91403875754825	101348
SRZ187251	17.675188523082582	8.885027540342488	29.81520381789493	22.944154574407325	20.680425544272673	206606
SRZ187252	14.657868549495332	9.945268445244752	31.730085769795764	20.98398331990712	22.68279391555703	84412
SRZ187253	12.203405440876804	11.249582666559215	32.38046994623594	20.60821312211464	23.558328824213397	173722
SRZ187254	11.424423239927155	11.165101504737446	35.37349882927566	21.194726285488894	20.842250140570844	119157
SRZ187255	12.628538852078135	10.476185354100336	35.75961621202995	22.70673780225454	18.428921779537045	185936
SRZ187256	12.605915134543475	11.121297484706549	35.92585801676862	22.442618305468972	17.90431105851238	179979
SRZ187257	13.159662572754545	10.371016127791595	37.74877567241865	22.881464577831338	15.839081049203866	195005
SRZ187258	16.142434815031827	7.539217514049058	34.763096918528774	24.558553279889207	16.996697472501133	150188
SRZ187259	14.858899286743647	7.999051423776428	34.63306517813167	24.205111366497018	18.303872744851237	109638
SRZ187260	18.837071906386385	24.503058832497953	25.061462522155097	17.415810638257323	14.182596100703245	209884
SRZ187261	14.826734569975185	10.229704160845962	28.58953275214703	19.69019115488674	26.663837362145085	169653
SRZ187262	12.129069282136895	10.225375626043405	34.764712020033386	22.400876460767947	20.479966611018362	191680
SRZ187263	11.607753190479688	10.344554858172655	34.12782256469937	23.12172689832835	20.798142488319936	177011
SRZ187264	13.855608312732745	13.63495545847111	32.920900061327586	22.544525722811965	17.044010444656596	158167
SRZ187265	12.58767284074318	9.5817468724056	32.54129569723168	21.60545074575592	23.683833843863617	34931
SRZ187266	11.01639344262295	8.288056206088992	37.21077283372365	23.88758782201405	19.59718969555035	42700
SRZ187267	13.436063061090431	11.558462885920736	30.679329975914168	19.591635647033062	24.734508430041604	36536
SRZ187268	12.960698073711692	10.889761742361879	29.450572712091635	20.166051226568197	26.5329162452666	85034
SRZ187269	14.17344267611833	10.521347325503278	30.926402112724997	22.25948062177126	22.11932726388213	172668
SRZ187270	10.879343615943135	9.54936069192431	37.51787424858741	23.451014146686845	18.602407296858296	144062
SRZ187271	11.870982465482484	10.448442432771671	36.607312659954246	23.08177160027603	17.991490841515564	184037
SRZ187272	9.982164674821295	8.478099063294339	39.24543935287261	25.88509556644712	16.409201342564636	142414
SRZ187273	12.643040689183444	8.536224650139575	30.432773186918826	23.563122770044185	24.824838703713976	108186
SRZ187274	9.773174935368706	8.600578603964053	27.47137756986335	19.661762895481964	34.493105995321926	64984
SRZ187275	16.497186437773145	8.176468907995087	30.00085692250564	17.57119597817704	27.754291753549087	70018
SRZ187276	11.247044834905552	9.364564028964102	34.687716266993654	22.25999879238833	22.440676076748368	215301
SRZ187277	11.128109701268858	9.33534818663203	36.102507743031275	24.617219502447796	18.816814866620042	160144
SRZ187278	10.928308922008764	9.653812773890776	36.117152928823224	24.824013457479293	18.476711917797946	186662
SRZ187279	9.421728388008969	8.876876276439253	36.38940858909724	26.929833330953027	18.382153415501506	140038
SRZ187280	9.209311962028893	8.645207466144313	39.13510255589249	26.768123858135723	16.24225415779858	106186
SRZ187281	8.265156674160657	6.349058275884587	42.95829174323908	27.812345494743322	14.61514781197235	107197
SRZ187282	9.883720930232558	6.9975295151673516	41.26422310378412	26.32788559754852	15.526640853267454	168388
SRZ187283	17.113254231569478	10.915621661137042	32.57816453916662	21.690659618736998	17.702299949389868	142264
SRZ187284	15.974187143211715	8.333333333333334	34.11020104244229	22.643956316703896	18.93832216430876	161160
SRZ187285	14.886694411701027	8.93333974837018	32.44424932040703	20.552575236354013	23.183141283167746	166276
SRZ187286	14.110806273289382	10.714139470128169	31.196511199377586	20.023750051185456	23.95479300601941	48842
SRZ187287	13.001346642417849	9.194652302480876	30.199497438602823	20.031653038275188	27.572850578223264	72031
SRZ187288	11.702599346006762	11.749709028432079	35.37244360693898	21.973895693620793	19.201352325001384	72172
SRZ187289	11.664454061136876	12.082550300856882	35.77007292977707	21.766866088515716	18.716056619713452	116002
SRZ187290	12.223230848166713	12.461354277670337	35.262001552406886	21.71001565562879	18.34339766612727	76011
SRZ187291	16.251881341943	6.128076904403554	34.688546875758604	25.5580909841239	17.373403893770938	102985
SRZ187292	16.468222801671327	6.812017634800457	34.392049679034066	24.28240813462767	18.045301749866482	95493
SRZ187293	15.030598158675637	8.283785693322754	29.82315025163317	22.68502918509984	24.1774367112686	91999
SRZ187294	15.1904789881407	8.585193080816135	29.86562817360068	19.924127338497822	26.434572418944665	119147
SRZ187295	13.568673404618915	9.251664144003385	29.09363149585795	19.52215874875901	28.56387220676074	122886
SRZ187296	11.553802433507036	10.284749308447962	33.38542290218713	21.993560217011865	22.782465138846007	158701
SRZ187297	10.839590332631031	10.071667385238634	35.81660958764815	23.341115603315735	19.931017091166446	122929
SRZ187298	10.97708515506151	9.92597295257717	35.74440305211839	23.75274007881844	19.59979876142448	166966
SRZ187299	15.485879357876826	10.530134149397844	25.75747582804606	17.77050823759085	30.456002427088418	75811
SRZ187300	14.874288273303051	9.72426588190135	25.974025974025974	17.043969401464125	32.3834504693055	109417
SRZ187301	10.48069501889929	8.892561002157091	27.643426807306405	16.767924640319805	36.215392531317406	101062
SRZ187302	11.991423491266604	9.545723947983126	35.192739020790476	25.187393229439042	18.08272031052075	172098
SRZ187303	11.3880182681114	8.483925852959613	36.9732246798603	25.473269454643145	17.68156174442554	111670
SRZ187304	11.33773331513972	8.579246353497124	36.78317761036462	24.759592941835496	18.540249779163045	139243
SRZ187305	11.22419735873901	8.22663723325975	36.96758452422447	25.6411448046164	17.940436079160374	129105
SRZ187306	16.632170023832067	6.341288237406549	36.73337468577585	28.04283242466782	12.250334628317717	153155
SRZ187307	14.742954255771137	10.014769255669979	32.34264673154349	21.43700136902233	21.462628387993067	148281
SRZ187308	14.236281514876769	8.544264313223147	34.297668460585086	23.572420791708602	19.34936491960639	120221
SRZ187309	14.227871939736346	9.323745933915426	32.73326485190892	20.800376647834273	22.914740626605035	116820
SRZ187310	13.290942674534547	9.718521666639424	30.698628569560455	21.553034637200255	24.73887245206532	122354
SRZ187311	12.23426834938111	9.680549285430326	33.93818517495334	23.101387363470362	21.045609826764863	148411
SRZ187312	11.957000452822697	10.74120252340101	34.11863954692918	24.098851815322774	19.084305661524336	161211
SRZ187313	11.772731901028408	10.60991752367376	35.71937684553508	24.874758171265654	17.0232155584971	196420
SRZ187314	18.0806843405788	10.29023746701847	22.57454872890229	18.459186664991414	30.595342798509026	191016
SRZ187315	16.549270794271756	11.732154982821353	28.443584104429963	22.50352187617185	20.77146824230508	98669
SRZ187316	11.367966277133556	10.980933379337243	32.879794782556516	23.094463029357495	21.676842531615186	66661
SRZ187317	22.51936064761817	13.100950893984669	29.880834844901614	20.613308579694362	13.885545033801181	304871
SRZ187318	15.239511504496889	9.87583902871286	31.982399494800315	25.051182024669227	17.85106794732071	98179
SRZ187319	13.897190909875352	12.744844248856674	32.28531758171934	24.236148699001404	16.836498560547227	127479
SRZ187320	13.282367905029414	9.938258519264402	35.113811012772274	24.123562456939954	17.54200010599396	150952
SRZ187321	19.49308695538538	10.388515720969133	27.249026423773554	21.9355218107211	20.933849089150833	153044
SRZ187322	18.28924214858779	9.283306987980554	27.99785260520743	21.91237436249217	22.51722389573205	167645
SRZ187323	15.891494457750794	9.491449896953155	29.85078321790849	22.05883263088187	22.707439796505692	161577
SRZ187324	14.331375425156452	7.852983941736752	34.57939136171766	21.964655166891923	21.27159410449721	156119
SRZ187325	12.70043228991017	11.29855596774688	31.444492136002697	21.08946255020388	23.46705705613637	130468
SRZ187326	11.903843991454227	11.360095095818675	32.60806708110452	21.202191059065427	22.925802772557144	124506
SRZ187327	11.860697963599955	11.750884162589022	32.76730778547551	21.693070426174444	21.928039662161073	123846
SRZ187328	12.489104960390478	11.782137945728175	34.508383531219536	22.125807847011046	19.094565715650766	154887
SRZ187329	22.82908255771788	9.482050042306298	27.33530762722108	19.853741085458722	20.499818687296024	165460
SRZ187330	20.941052075072694	10.058815754692043	27.95136135342321	19.62661908538197	21.42215173143008	151320
SRZ187331	20.093045845528557	9.912322184021166	28.663360642118583	20.363364476425403	20.96790685190629	156482
SRZ187332	15.471304988459833	8.966219832969765	28.40204672472243	21.99595950293828	25.164468950909686	173741
SRZ187333	13.993217375363985	11.369004392489758	33.09808013649856	22.353049008340797	19.186649087306904	141833
SRZ187334	12.82076806575701	12.029380186150357	31.93068778930453	22.641657008368945	20.57750695041916	140639
SRZ187335	12.004452132486389	10.397997958257713	33.687329854809434	24.437811932849364	19.472408121597095	141056
SRZ187336	11.042990101935294	9.091282152295596	33.978431082877826	26.342312174783736	19.54498448810755	121842
SRZ187337	13.933317879771288	8.733194251274918	28.008615360840675	19.955377839592025	29.369494668521096	103536
SRZ187338	14.114685080910544	8.579965107654377	27.095891269600827	19.67134335530646	30.538115186527794	95723
SRZ187339	14.549530512118483	9.522059499090425	25.422171588173683	17.731206703294685	32.775031697322724	108842
SRZ187340	13.720631873781938	15.438404058408171	27.574454749336493	17.65564249968171	25.610866818791685	102109
SRZ187341	12.085598346221575	10.505512594747723	33.34258479442615	23.853456856289718	20.21284740831483	104488
SRZ187342	11.193806329814752	9.692585566860597	33.549651923722735	24.883596394891857	20.680359784710056	110177
SRZ187343	11.783601578600452	9.520829683028376	35.08047358013567	25.102417127648035	18.51267803058747	119853
SRZ187344	9.983918383234146	8.513013817898736	36.91601708543743	26.890102123387997	17.69694859004169	97627
SRZ187345	16.755214403407948	9.124301732106257	31.728489330064704	25.12558775067315	17.26640678374794	124415
SRZ187346	14.811555501608302	8.410208168962797	33.82037587748579	25.428880661932794	17.528979790010318	197724
SRZ187347	16.55411480290104	8.884937363888833	29.234181135242054	22.426125352140815	22.900641345827257	100102
SRZ187348	16.580288007345864	9.388933525220509	32.5875632388907	21.95813210195919	19.48508312658373	113261
SRZ187349	14.267204393341341	12.923459756306848	32.67805045477947	20.4968251244208	19.634460271151536	116540
SRZ187350	18.28595251330104	7.6067391937319675	30.994732523359538	24.13708674131131	18.975489028296142	151116
SRZ187351	18.843257885312887	8.0850282356182	31.792617418851293	25.819521601395714	15.45957485882191	87124
SRZ187352	24.159801159190494	17.897815536580925	25.04044310645911	20.050138738603614	12.851801459165854	93341
SRZ187353	18.893049182173925	11.880296162833254	24.958944474160823	17.217983727935586	27.049726452896408	106563
SRZ187354	16.05957994451301	12.147008871588763	30.690844646982498	20.88040760783569	20.222158929080035	94797
SRZ187355	28.701550742415645	12.602757282264413	24.870466321243523	19.90607663999707	13.91914901407935	109238
SRZ187356	16.62067675326801	11.84785913055679	32.25802679886818	22.842176648036855	16.431260669270163	85526
SRZ187357	23.458246750959745	10.701581375691191	26.194836755538336	25.7451954120147	13.900139705796029	170358
SRZ187358	19.13202653623714	9.313952373208574	31.624990096863105	24.425513816439626	15.503517177251556	239823
SRZ187359	16.3265306122449	9.593245216720906	34.11121077562881	24.52908515385813	15.439928241547255	134897
SRZ187360	16.75707475754194	9.730332995925147	31.92660074229801	24.12857847335773	17.457413030877174	231174
SRZ187361	21.112282903255952	7.125979521819808	30.979588567461853	23.92703146484401	16.855117542618377	149818
SRZ187362	26.257513893614608	10.129579221957583	27.32292729953499	19.891970057842805	16.398009527050018	141072
SRZ187363	19.11025010641902	15.47462883651432	26.779369478155868	20.243069732692792	18.392681846217997	115111
SRZ187364	13.024584275175664	13.127091766107695	31.789588042544988	20.942192784173546	21.116543131998107	114138
SRZ187365	12.517082414679033	11.481204788542483	33.87784479145788	21.99030629908347	20.13356170623713	109762
SRZ187366	19.501783893985728	6.982670744138634	32.99311926605505	28.370285423037718	12.152140672782874	78480
SRZ187367	19.612786450757945	7.029962183651702	33.35757458224248	24.74061863667216	15.259058146675716	61878
SRZ187368	19.483958122255995	8.6403242147923	29.754812563323203	25.32657885849375	16.79432624113475	74025
SRZ187369	14.55563714476727	13.476102276339008	31.979439518648007	19.51382571813728	20.474995342108436	91243
SRZ187370	13.65743858096539	12.662806133246118	32.3906449399437	21.287443005829278	20.00166734001552	155937
SRZ187371	20.83236522118722	9.179815389814756	27.696456357504452	23.011497651887996	19.279865379605575	142029
SRZ187372	14.1568674380082	10.195186778441906	35.862972457186764	22.876973754652926	16.9079995717102	158771
SRZ187373	17.35877386103871	6.6334320250356384	33.640374184949934	24.24188745771862	18.125532471257095	118551
SRZ187374	13.336701037054645	10.903634148515733	35.25391495557603	22.476450836478175	18.02929902237542	168265
SRZ187375	17.241906909325174	7.589789015944596	30.93976485746497	23.874214849412144	20.354324367853117	124180
SRZ187376	14.610320662561053	8.641093457402652	27.13855479835518	21.569914477113457	28.040116604567654	103598
SRZ187377	16.799868802274094	16.54949980866998	31.14743344448696	18.81484720931504	16.688350735253923	91465
SRZ187378	16.964814499314464	7.643131241836429	33.61079335718516	22.63651925588791	19.144741645776037	123261
SRZ187379	15.46768598858176	9.81555907121169	24.735916357954935	19.18401839496104	30.796820187290574	101767
SRZ187380	15.4129991136031	8.906227453567233	38.262455937828534	22.595390736121704	14.82292675887943	194044
SRZ187381	16.751290196176516	7.739509600393521	35.631925164453115	22.529034624780103	17.348240414196745	119943
SRZ187382	15.421112729849982	8.445223189090575	29.725295638592485	20.699295192345552	25.709073250121406	152382
SRZ187383	15.759128763613068	11.288276745675848	29.7847533632287	20.858424087123637	22.309417040358746	156100
SRZ187384	17.083596356749933	7.427180088375868	35.17720263324015	23.484534223103978	16.827486698530073	110890
SRZ187385	19.39765844180306	7.50646852973541	35.13923448296373	24.040129667998375	13.91650887749943	100873
SRZ187386	19.22830714079954	8.262650833786768	33.741158019396345	23.230803700028808	15.53708030598854	124972
SRZ187387	14.953052329832978	10.732149647526837	30.50282271038699	22.187771180078197	21.624204132175	102561
SRZ187388	15.34073188481131	12.350556190872233	27.409294105416365	18.23344422497141	26.665973593928683	76952
SRZ187389	16.00901122883593	8.268506459220669	33.992748776796084	23.48434181656048	18.245391718586834	85227
SRZ187390	15.599210061324186	8.491840764993244	33.070366905727056	23.727263278245506	19.11131898971001	96210
SRZ187391	14.030209454077998	12.799195159780346	24.356197688878954	17.350175360152026	31.46422233711068	71567
SRZ187392	16.937838474217095	8.389451377442901	32.482929126442194	22.950317871438664	19.239463150459148	84940
SRZ187393	13.200042211561097	8.866051351987597	34.43002216106957	23.177394085510883	20.32649018987085	123189
SRZ187394	14.623198677061186	15.468409586056644	29.028532430375094	18.72325904926897	22.156600257238104	38097
SRZ187395	10.762882119780638	8.997122224032145	29.716023239398382	20.778628441114186	29.745343975674647	92085
SRZ187396	23.58056853880929	15.95663167573366	18.020841314841775	13.25339054478584	29.18856792582944	130510
SRZ187397	13.428803026209133	9.500719308879265	32.89395853567699	24.486442670717192	19.69007645851742	136937
SRZ187398	15.311990957747415	8.119189300001109	30.78355107875403	22.042706913555623	23.742561749941824	90243
SRZ187399	19.02884712369297	11.793531251050668	26.270046733685238	19.815586860773962	23.09198803079716	118972
SRZ187400	15.317203792110138	11.73471457744479	30.672274589886804	22.98392004652232	19.291886994035945	73943
SRZ187401	14.442474261258669	8.42206893990735	35.258130100169886	26.83884623597018	15.038480462693911	107717
SRZ187402	25.692406029502113	13.672497998647147	27.946953289355285	19.41281238170298	13.275330300792474	161141
SRZ187403	22.97218923472065	8.8491811428098	27.21257146013422	22.190615592808417	18.775442569526913	181045
SRZ187404	25.130784708249497	9.696641386782233	27.752669865345922	21.612753443739358	15.807150595882991	193830
SRZ187405	12.904038812929242	6.962384222796295	36.65315495067873	27.169750558320906	16.31067145527482	142839
SRZ187406	20.136824619688756	7.800023314099201	28.758669930640554	21.755697382992366	21.548784752579124	137256
SRZ187407	15.691535734351087	15.528798651607028	29.89228354999322	18.862002828525487	20.02537923552318	103234
SRZ187408	12.9033691883723	10.49648857676238	35.30165644353572	23.16502207603639	18.13346371529321	134988
SRZ187409	19.589626464304132	11.307743313932072	25.21402784940691	18.96780372798939	24.920798644367494	135730
SRZ187410	14.402338238258416	8.511052879123833	35.34569643217093	23.384398306792985	18.356514143653833	148830
SRZ187411	19.919925784873787	10.623504711684	27.669547385381573	21.577071432058982	20.209950686001662	102405
SRZ187412	15.470445550874505	8.236095152985234	26.48453125664922	20.992382654581046	28.816545384909997	117495
SRZ187413	17.320377145704658	16.72502196519664	25.58060243649763	18.491417181373514	21.882581271227558	76257
SRZ187414	13.10362545824646	9.44358257329473	34.06092825169712	23.30807007835891	20.08379363840278	101201
SRZ187415	16.778708650989984	7.880337321476195	28.245615648479387	22.54296986361839	24.552368515436044	108739
SRZ187416	12.13327775302218	10.370998576952378	29.573516940016386	21.38596213830873	26.536244591700328	69569
SRZ187417	18.721208516054062	10.52748073650864	26.519291158852905	23.13970700125887	21.092312587325523	72287
SRZ187418	12.430721411511959	7.273537578991875	34.05821115542401	28.22795369619125	18.009576157880904	87509
SRZ187419	12.110987212720664	8.089438547202873	30.312948025429744	25.658552126627374	23.82807408801935	69053
SRZ187420	16.640423883432057	13.20386893604259	31.93371822748744	20.35023701815334	17.871751934884575	120033
SRZ187421	18.407793722573306	7.583391493063854	30.67678805319464	23.850588448999492	19.481438282168703	104597
SRZ187422	14.120597483524215	8.507583407915078	29.953623715558788	22.665990246143686	24.752205146858234	208943
SRZ187423	11.690243667268144	8.321051254149506	31.229080290362127	22.748247221036102	26.01137756718412	72599
SRZ187424	11.217622341608436	9.73934009855215	21.813734096468743	17.622341608436624	39.60696185493404	85437
SRZ187425	17.127044375111783	10.28695773136464	23.44051191351523	17.228393712366607	31.91709226764174	100642
SRZ187426	13.724990954531444	15.507283277273762	29.725419776744435	21.195877946477626	19.84642804497273	74623
SRZ187427	12.845212901412904	10.162540942579405	33.60672292521009	24.30562263455071	19.079900596246894	113879
SRZ187428	11.579279848389135	9.193514424089281	36.051098476872326	25.193374043658313	17.982733206990947	142470
SRZ187429	10.816276547356635	8.05920016794374	28.080193135299673	21.019558447919948	32.024771701480006	142905
SRZ187430	20.065264848601387	9.870601409358775	28.16059450960875	20.47924985012838	21.424289382302707	176818
SRZ187431	11.325879263207643	8.219817297510723	33.80534467596332	29.349055079954773	17.299903683363546	167157
SRZ187432	9.79600752151038	7.8187619897813825	36.39100457748485	28.96066402020931	17.033561891014074	105298
SRZ187433	9.095170185393874	6.8483041297258485	36.17324703559283	30.48677111485644	17.396507534431002	100273
SRZ187434	11.324670893633959	7.050126524693639	36.398737596315144	29.196781439253932	16.029683546103325	175855
SRZ187435	13.619947290218322	8.66295022938516	29.54513410626552	21.232497857987266	26.939470516143725	184406
SRZ187436	12.914421793984022	8.75458122920502	29.487915688493302	22.005100575925958	26.837980712391698	118418
SRZ187437	12.55487770112321	9.291673793640838	27.98335138833457	20.903890377634603	29.266206739266778	105234
SRZ187438	17.46625457680841	9.35824493439149	27.63511831391289	21.825987163684278	23.714395011202935	164689
SRZ187439	13.569496721587763	10.849658515445054	28.055504281598356	20.265964703899584	27.25937577746924	124603
SRZ187440	14.65616842825966	15.594733764103442	28.93434321822357	20.654856148458784	20.159898440954542	140214
