	Eukaryote	EukaryoteVirus	Plasmid	Prokaryote	ProkaryoteVirus	TotalCnt
SRZ187075	15.511676476172394	10.442377064742738	14.60034175052212	30.871463831403076	28.574140877159675	5267.0
SRZ187076	18.299519487453285	11.358782701548318	21.04911906033102	36.09183128670582	13.200747463961559	7492.0
SRZ187077	16.135007203128215	5.330314879604857	33.14467997530356	40.69767441860465	4.6923235233587155	9718.0
SRZ187078	13.177203739069252	9.342647502261533	21.715750326665997	30.87747512312795	24.886923308875264	19898.0
SRZ187079	20.064493013256897	7.524184879971337	24.399856682192762	42.70870655678968	5.302758867789323	2791.0
SRZ187080	18.932038834951456	9.65480043149946	21.844660194174757	37.108953613807984	12.459546925566343	1854.0
SRZ187081	11.391223155929039	18.440709617180204	26.797385620915033	33.4733893557423	9.897292250233427	2142.0
SRZ187082	12.273276904474002	6.509471987101975	33.806932688432084	37.83756549778315	9.572752922208787	9924.0
SRZ187083	18.519978969505782	7.741850683491062	25.644058885383807	37.210830704521555	10.883280757097792	7608.0
SRZ187084	17.108652826185786	11.744203667222306	27.29201394150629	33.00500075769056	10.850128807395059	6599.0
SRZ187085	16.709649688373094	7.382333978078659	27.283473028153878	41.67203954437997	6.952503761014399	9306.0
SRZ187086	17.520661157024794	7.2910927456382	26.152433425160698	34.47199265381084	14.563820018365472	5445.0
SRZ187087	16.75026872088857	13.113579362235757	27.588677893228233	31.261196703690434	11.286277319957005	5582.0
SRZ187088	18.050234142188167	7.875691783737761	23.73350361856109	39.123031077054065	11.217539378458918	4698.0
SRZ187089	12.760416666666666	9.375	24.322916666666668	37.838541666666664	15.703125	3840.0
SRZ187090	13.66156575737414	6.742071412730096	34.42004879130628	34.42004879130628	10.756265247283212	4509.0
SRZ187091	17.849073655671035	7.207410754631722	24.536827835517396	41.91143244464528	8.495255309534569	4426.0
SRZ187092	14.4136078782453	7.11727842435094	17.50223813786929	26.32050134288272	34.64637421665174	2234.0
SRZ187093	18.09360730593607	22.773972602739725	20.376712328767123	28.595890410958905	10.159817351598173	1752.0
SRZ187094	13.209902225920533	6.615352610775952	32.09902225920533	41.60599126274183	6.469731641356355	4807.0
SRZ187095	6.561514195583596	6.8769716088328074	15.993690851735016	25.047318611987382	45.5205047318612	3170.0
SRZ187096	17.051658966820664	15.665686686266275	28.68542629147417	25.0734985300294	13.523729525409491	2381.0
SRZ187097	14.664764621968617	8.074179743223965	27.075606276747504	41.85449358059915	8.33095577746077	3505.0
SRZ187098	6.433949349760438	5.817932922655715	12.867898699520875	22.72416153319644	52.15605749486653	1461.0
SRZ187099	16.645119586296058	14.188752424046541	29.896574014221073	24.402068519715577	14.86748545572075	3094.0
SRZ187100	14.700780572419774	8.52124891587164	26.951431049436252	37.857762359063315	11.96877710320902	4612.0
SRZ187101	10.578105781057811	7.060270602706027	26.346863468634687	29.24969249692497	26.765067650676507	4065.0
SRZ187102	12.978442586889573	10.668719753629565	29.476462824461066	33.65596128464584	13.220413550373955	4546.0
SRZ187103	15.17786561264822	7.7272727272727275	26.699604743083004	39.051383399209485	11.34387351778656	5060.0
SRZ187104	14.339622641509434	7.446540880503145	25.48427672955975	31.69811320754717	21.031446540880502	3975.0
SRZ187105	18.374338212394893	16.10090314543756	25.848645281843663	25.81750233572096	13.858611024602927	3211.0
SRZ187106	14.98291849682772	8.39433870180576	27.55002440214739	35.334309419228894	13.73840897999024	4098.0
SRZ187107	13.038821954484606	7.603748326639893	29.799196787148595	32.79785809906292	16.760374832663988	3735.0
SRZ187108	15.397800314240822	10.927010427081845	32.323953720897016	29.41008427367519	11.941151264105129	7001.0
SRZ187109	15.888324873096447	7.969543147208122	25.634517766497463	38.52791878172589	11.97969543147208	1970.0
SRZ187110	17.374924653405667	6.404460518384569	32.77576853526221	32.1880650994575	11.256781193490054	6636.0
SRZ187111	16.56449393219067	11.760290253972226	30.42662329538346	29.28812711122232	11.960465407231327	7993.0
SRZ187112	15.533980582524272	6.056403143781784	31.715210355987054	42.302357836338416	4.39204808136847	2163.0
SRZ187113	19.734578520521012	7.6923076923076925	25.976898500860162	38.75645121651512	7.8397640697960185	4069.0
SRZ187114	22.78613930696535	9.135456772838642	27.616380819040952	27.616380819040952	12.845642282114106	2857.0
SRZ187115	19.36257710760795	12.063056888279643	25.017135023989034	34.338588074023306	9.218642906100069	2918.0
SRZ187116	12.380508276987642	6.528328281650735	29.097691769643273	35.69596642574027	16.297505245978083	4289.0
SRZ187117	18.6833565136764	8.484005563282336	33.889661566991194	27.028280018544276	11.914696337505795	2157.0
SRZ187118	18.872549019607842	7.703081232492997	28.15126050420168	37.780112044817926	7.492997198879552	2856.0
SRZ187119	13.88748099341105	6.082108464267613	29.396857577293463	38.01317790167258	12.620375063355297	1973.0
SRZ187120	23.79032258064516	11.693548387096774	26.612903225806452	21.774193548387096	16.129032258064516	248.0
SRZ187121	15.735567970204842	9.869646182495345	33.14711359404097	29.608938547486034	11.638733705772811	1074.0
SRZ187122	13.35676625659051	5.694200351493849	26.115992970123024	28.29525483304042	26.537785588752197	2845.0
SRZ187123	14.116379310344827	9.671336206896552	34.41540948275862	31.68103448275862	10.115840517241379	7424.0
SRZ187124	14.36081903707803	5.451023796347537	34.56004427227449	41.64360819037078	3.9845047039291646	3614.0
SRZ187125	12.223776223776223	7.160839160839161	27.356643356643357	31.748251748251747	21.51048951048951	3575.0
SRZ187126	11.896306818181818	21.413352272727273	23.970170454545453	36.43465909090909	6.285511363636363	2816.0
SRZ187127	21.29032258064516	4.946236559139785	25.806451612903224	42.65232974910394	5.304659498207886	1395.0
SRZ187128	6.288343558282208	5.521472392638037	22.085889570552148	21.012269938650306	45.0920245398773	652.0
SRZ187129	10.02004008016032	7.348029392117568	22.24448897795591	23.380093520374082	37.00734802939212	1497.0
SRZ187130	14.887218045112782	10.345864661654135	30.49624060150376	28.18045112781955	16.090225563909776	3325.0
SRZ187131	15.05994005994006	6.743256743256743	27.022977022977024	30.01998001998002	21.153846153846153	4004.0
SRZ187132	14.108910891089108	16.274752475247524	21.225247524752476	35.396039603960396	12.995049504950495	1616.0
SRZ187133	16.905537459283387	10.749185667752442	18.534201954397393	40.52117263843648	13.289902280130294	3070.0
SRZ187134	14.315266859743483	9.019445593711213	28.051303268514687	29.416632188663634	19.197352089366984	2417.0
SRZ187135	16.087751371115175	13.467397928092627	29.92078001218769	25.47227300426569	15.051797684338817	3282.0
SRZ187136	18.838737020555204	8.7730451366815	23.352405170586987	31.214240305149396	17.821572367026913	4719.0
SRZ187137	13.228962818003914	8.414872798434443	20.978473581213308	24.30528375733855	33.07240704500978	2555.0
SRZ187138	15.790571547768044	10.680016687526074	30.49645390070922	30.16270337922403	12.870254484772632	4794.0
SRZ187139	13.202565069784987	8.525084873632592	26.291965296114675	35.722368917389666	16.258015843078084	2651.0
SRZ187140	11.942311682921767	4.938783980078854	40.610085079892094	33.38866984851629	9.120149408590994	9638.0
SRZ187141	23.141654978962134	14.726507713884994	20.61711079943899	19.775596072931275	21.73913043478261	713.0
SRZ187142	16.30344827586207	7.944827586206896	28.910344827586208	38.786206896551725	8.055172413793104	3625.0
SRZ187143	12.5	6.228070175438597	37.36842105263158	30.263157894736842	13.640350877192983	2280.0
SRZ187144	19.94236311239193	12.103746397694524	29.10662824207493	25.072046109510087	13.77521613832853	1735.0
SRZ187145	13.799372004627335	4.693439100975046	33.5812262435961	44.5546190712279	3.371343579573624	6051.0
SRZ187146	30.023578726748756	7.859575582918523	21.849620120513492	30.075975897301547	10.191249672517683	3817.0
SRZ187147	16.543375924680564	9.952925353059852	30.26227303295225	33.1876260928043	10.053799596503026	2974.0
SRZ187148	18.693857732459335	7.283321194464676	27.48239864044671	41.66059723233795	4.879825200291333	4119.0
SRZ187149	25.070422535211268	8.67605633802817	24.619718309859156	30.760563380281692	10.873239436619718	1775.0
SRZ187150	16.349683016349683	15.915915915915916	30.363697030363696	26.359693026359693	11.01101101101101	2997.0
SRZ187151	14.630577907827359	7.278712509144111	33.814923189465986	35.51572787125092	8.760058522311631	5468.0
SRZ187152	15.17106549364614	7.683284457478006	33.45063538611926	34.13489736070381	9.560117302052786	5115.0
SRZ187153	14.950099800399201	12.79441117764471	29.880239520958085	28.063872255489024	14.311377245508982	5010.0
SRZ187154	16.019310950186526	7.921878428790871	27.166995830590302	41.10160193109502	7.7902128593372835	4557.0
SRZ187155	15.133665609424558	6.252831898504757	30.40326234707748	41.09651110104214	7.113729043951065	6621.0
SRZ187156	17.24666745310841	6.6886870355078445	30.800990916597854	37.86716998938304	7.396484605402855	8477.0
SRZ187157	14.101556359063041	6.948592988523817	31.567363622072	41.770161924225754	5.6123251061153905	6361.0
SRZ187158	16.452173913043477	4.869565217391305	34.99130434782609	33.6695652173913	10.017391304347827	2875.0
SRZ187159	13.115330520393812	12.341772151898734	34.28270042194093	27.953586497890296	12.306610407876232	2844.0
SRZ187160	14.765100671140939	6.833435021354484	36.18059792556437	38.682123245881634	3.538743136058572	1639.0
SRZ187161	17.838956078930618	8.720560152768938	24.092934436664546	42.6479949077021	6.6995544239338	6284.0
SRZ187162	13.212435233160623	10.492227979274611	33.8860103626943	33.056994818652846	9.352331606217616	3860.0
SRZ187163	13.566552901023892	8.660409556313994	35.110921501706486	36.98805460750853	5.674061433447099	2344.0
SRZ187164	22.443706164636396	9.007013658176449	27.759320782576598	31.118493909191585	9.671465485418974	2709.0
SRZ187165	13.360237892948174	12.765505522514868	34.409515717926936	29.31180968564146	10.152931180968563	4708.0
SRZ187166	18.513119533527696	4.105928085519922	31.09815354713314	43.85325558794946	2.4295432458697763	4116.0
SRZ187167	15.045135406218655	6.937479103978602	25.91106653293213	30.190571715145435	21.915747241725175	5982.0
SRZ187168	11.207177814029365	11.451876019575856	34.56769983686786	32.87112561174551	9.902120717781402	6130.0
SRZ187169	16.242937853107346	4.943502824858757	32.03860640301318	43.9030131826742	2.871939736346516	4248.0
SRZ187170	16.083916083916083	5.687645687645688	31.002331002331	30.72261072261072	16.503496503496503	2145.0
SRZ187171	15.768765133171913	9.745762711864407	31.113801452784504	30.084745762711865	13.286924939467312	3304.0
SRZ187172	15.560337692435027	5.710975004138388	31.55106770402251	42.079125972521105	5.098493626882966	6041.0
SRZ187173	13.397219090567456	5.712138293874483	35.099586621570836	39.53400977076287	6.257046223224352	5322.0
SRZ187174	19.988412514484356	8.748551564310544	31.05446118192352	29.837775202780996	10.370799536500579	1726.0
SRZ187175	19.735099337748345	5.231788079470198	30.33112582781457	41.95364238410596	2.748344370860927	3020.0
SRZ187176	14.000438885231512	7.636603028308097	22.8000877770463	25.060346719332895	30.502523590081193	4557.0
SRZ187177	13.760102084219481	11.207996597192684	32.47554232241599	31.135686941726924	11.420672054444918	4702.0
SRZ187178	22.649140546006066	6.841927873272666	27.334007414897204	39.70340411189754	3.471520053926525	2967.0
SRZ187179	12.451282051282051	7.2615384615384615	28.49230769230769	33.4974358974359	18.297435897435896	4875.0
SRZ187180	13.454038997214484	15.181058495821727	30.0	30.362116991643454	11.002785515320335	3590.0
SRZ187181	16.89472214465233	8.154146886344597	29.181792795308574	37.78274225076794	7.986595922926557	3581.0
SRZ187182	15.80547112462006	6.776327552297515	24.602181298051136	32.66583229036296	20.150187734668336	5593.0
SRZ187183	14.577801380775359	12.002124269782263	29.36802973977695	31.4922995220393	12.559745087626128	3766.0
SRZ187184	20.19858156028369	5.418439716312057	23.26241134751773	49.50354609929078	1.6170212765957446	3525.0
SRZ187185	14.046822742474916	8.634843417452114	26.45180906050471	32.41106719367589	18.45545758589237	3289.0
SRZ187186	13.073743745921252	11.725038068305416	34.58777463563193	29.6280182727866	10.985425277354796	4597.0
SRZ187187	15.821033210332104	7.4031365313653135	26.960332103321033	41.904981549815496	7.910516605166052	4336.0
SRZ187188	17.120443008767882	8.97554222427319	26.119058606368252	30.687586525149978	17.097369635440703	4334.0
SRZ187189	16.35425156207552	13.990763379516435	27.166530834012498	31.649008421624558	10.839445802770987	3681.0
SRZ187190	18.271702590468657	6.82222661657109	27.961241842989914	41.012457979038956	5.932370970931382	5057.0
SRZ187191	10.899233501589082	6.038511871377827	26.173116470368292	32.435969340063565	24.453168816601234	5349.0
SRZ187192	17.97166293810589	19.090231170768085	25.35421327367636	29.75391498881432	7.829977628635347	1341.0
SRZ187193	15.18809657495789	3.9584503088152725	33.183604716451434	45.2835485682201	2.386299831555306	3562.0
SRZ187194	18.115739446463518	8.63852390271177	24.797316186748674	39.44646351691362	9.001956947162427	3577.0
SRZ187195	14.30247049336559	8.870317425408695	32.07242870757276	36.874129462649364	7.880653911003592	13641.0
SRZ187196	15.61638440330839	4.824734147302087	31.744781410003938	45.135880267821975	2.6782197715636076	5078.0
SRZ187197	10.50903119868637	6.987775953293195	29.08228425469805	44.991789819376024	8.42911877394636	5481.0
SRZ187198	11.854136829348905	11.832103117770188	33.21582020491352	32.77514597333921	10.32279387462818	9077.0
SRZ187199	19.993790748214842	5.433095312014903	24.588637069233158	46.864327848494256	3.120149022042844	6442.0
SRZ187200	14.643910661609777	6.363253265908133	34.450063211125155	34.007585335018966	10.53518752633797	9492.0
SRZ187201	11.552113585027428	10.21297192642788	29.186834462729912	38.20587286221362	10.842207163601161	6198.0
SRZ187202	18.781338565511227	8.371484630477436	26.128188358404184	39.36123828210159	7.3577501635055595	9174.0
SRZ187203	18.48813360679754	8.15509327082723	26.203730833089168	39.35931243285477	7.793729856431292	10239.0
SRZ187204	13.54228267297457	12.142716341415337	27.971614429331755	39.50325251330574	6.8401340429726	5073.0
SRZ187206	17.81021897810219	6.2773722627737225	36.2043795620438	35.91240875912409	3.795620437956204	1370.0
SRZ187207	9.067579127459368	4.533789563729684	31.94563254443494	47.752114817983085	6.700883946392929	10521.0
SRZ187208	7.2012456208641495	3.9996107434799533	33.94316854807318	47.927209030751264	6.928766056831452	10276.0
SRZ187209	11.231512666569044	7.131351588812418	30.16547078635232	42.099868209108216	9.371796749158003	6829.0
SRZ187210	8.922018348623853	6.06651376146789	35.90596330275229	41.20412844036697	7.901376146788991	8720.0
SRZ187211	9.248291571753986	6.924829157175399	31.11617312072893	44.28246013667426	8.428246013667426	4390.0
SRZ187212	27.3502947564381	6.484641638225256	22.68073223704623	37.72882407694694	5.755507291343469	6446.0
SRZ187213	26.38981915606162	8.724045545880777	22.404554588077694	34.51105157401206	7.97052913596785	5972.0
SRZ187214	27.47906566769502	7.304980167474659	24.06346408109299	34.739973556632876	6.412516527104451	9076.0
SRZ187215	24.88870902468636	5.851881829218939	25.68191015783084	36.43868878996358	7.138810198300283	12355.0
SRZ187216	15.169491525423728	7.772397094430993	30.76271186440678	40.0726392251816	6.2227602905569	8260.0
SRZ187217	13.889196063253346	7.984076080946589	30.178038261638836	40.97091673117328	6.977772862987947	9043.0
SRZ187218	11.610810810810811	5.989189189189189	33.22162162162162	44.11891891891892	5.059459459459459	9250.0
SRZ187219	12.682824905975762	6.21604680317593	31.738403677392395	43.32427914751358	6.038445465942332	9572.0
SRZ187220	13.992974238875878	7.903981264637002	28.981264637002344	37.88056206088993	11.241217798594848	1708.0
SRZ187221	13.765373699148533	7.899716177861873	35.28855250709555	33.822138126773886	9.224219489120152	2114.0
SRZ187222	11.60431198478123	9.63855421686747	32.49841471147749	37.159162967660116	9.099556119213696	3154.0
SRZ187223	18.456078083407277	15.173025732031943	24.933451641526176	32.03194321206744	9.40550133096717	1127.0
SRZ187224	16.454802259887007	9.274952919020716	28.93126177024482	37.24105461393597	8.097928436911488	4248.0
SRZ187225	16.963631925799366	8.274347083231634	30.43690505247742	35.294117647058826	9.030998291432756	4097.0
SRZ187226	15.447822514379622	7.1076417419884965	31.820049301561216	37.55135579293344	8.073130649137223	4868.0
SRZ187227	11.191239316239317	9.642094017094017	34.02777777777778	36.53846153846154	8.600427350427351	3744.0
SRZ187228	13.244807626830099	11.95097037793667	30.813755532856657	35.308137555328564	8.682328907048008	2937.0
SRZ187229	14.215080346106305	8.127317676143386	31.025957972805934	37.731767614338686	8.899876390605685	3236.0
SRZ187230	18.681661980631052	5.5295220243673855	29.818806622930335	41.59637613245861	4.373633239612621	6402.0
SRZ187231	19.68240702047639	13.100710405348934	26.20142081069787	35.5202674467196	5.495194316757209	4786.0
SRZ187232	17.009279924820863	7.106777869141314	29.390344179490192	38.517561376717964	7.976036649829672	8513.0
SRZ187233	13.258140029793573	8.044264737178123	30.21919557352628	41.49819110449032	6.980208555011704	4699.0
SRZ187234	11.25569290826285	6.620039037085231	32.28692257644762	45.49446974625894	4.342875731945348	6148.0
SRZ187235	10.932944606413994	7.288629737609329	32.379737609329446	45.00728862973761	4.391399416909621	5488.0
SRZ187236	13.30743079164643	10.24769305488101	14.958717824186499	15.881495871782418	45.60466245750364	2059.0
SRZ187237	12.651478429471643	12.118274357731458	30.683470673776053	24.43044110518662	20.116335433834223	2063.0
SRZ187238	7.3061071562382915	7.530910453353316	35.031847133757964	34.02023229674035	16.110902959910078	2669.0
SRZ187239	12.577461556116594	10.144594904750976	29.607528115675922	29.974753270599034	17.69566215285747	4357.0
SRZ187240	14.0	8.132352941176471	31.941176470588236	29.36764705882353	16.558823529411764	6800.0
SRZ187241	13.986266714853633	13.769425370437297	25.009035056017346	21.57571376942537	25.659559089266352	2767.0
SRZ187242	12.958045671800319	11.630377057886351	28.19968135953266	28.465215082315453	18.746680828465216	1883.0
SRZ187243	9.150622876557192	3.9184597961494902	33.793884484711214	40.860702151755376	12.276330690826727	4415.0
SRZ187244	12.980437284234753	6.237054085155351	27.66398158803222	26.559263521288837	26.559263521288837	4345.0
SRZ187245	11.628551628551628	6.6943866943866945	24.975744975744977	22.966042966042966	33.735273735273736	7215.0
SRZ187246	9.405940594059405	8.698727015558699	24.342291371994342	37.227722772277225	20.325318246110324	7070.0
SRZ187247	12.974340440910733	8.709794000722804	24.86447415973979	25.76797976147452	27.68341163715215	2767.0
SRZ187248	10.546875	11.684782608695652	18.58016304347826	19.174592391304348	40.01358695652174	5888.0
SRZ187249	8.154620068837701	10.590415673815198	18.268467037331217	22.39872915011914	40.58776806989675	3777.0
SRZ187250	7.532861476238625	7.583417593528817	15.874620829120323	18.554095045500507	50.45500505561173	1978.0
SRZ187251	18.48281642917016	7.868818105616094	26.18398994132439	33.748952221290864	13.715423302598492	9544.0
SRZ187252	21.565217391304348	5.739130434782608	22.695652173913043	25.652173913043477	24.347826086956523	1150.0
SRZ187253	16.27906976744186	12.57390618841151	23.807646826960976	19.235317303902246	28.104059913283404	2537.0
SRZ187254	15.59272011805214	14.608952287260207	28.283325135268075	20.954254795868174	20.560747663551403	2033.0
SRZ187255	9.65845464725644	12.374020156774916	35.21836506159015	30.487122060470323	12.262038073908174	3572.0
SRZ187256	10.905349794238683	13.080540858318637	34.5679012345679	29.717813051146383	11.728395061728396	3402.0
SRZ187257	12.536443148688047	12.633624878522838	34.40233236151604	28.401360544217688	12.026239067055394	4116.0
SRZ187258	15.836806317174819	7.940337793375741	28.997587190173284	36.959859618337354	10.265409080938802	4559.0
SRZ187259	13.264918282022045	8.55188141391106	30.520714557202584	36.37400228050171	11.2884834663626	2631.0
SRZ187260	15.067484662576687	13.325153374233128	25.079754601226995	32.98159509202454	13.54601226993865	4075.0
SRZ187261	12.762762762762764	6.520806520806521	21.32132132132132	22.844272844272844	36.55083655083655	4662.0
SRZ187262	10.836540409155358	11.869556410775775	34.2313145635001	30.139760988454526	12.92282762811424	4937.0
SRZ187263	8.270091457482	10.955438801323215	36.25218914185639	31.912823506518777	12.609457092819614	5139.0
SRZ187264	8.298031397956642	8.22327435833541	33.93969598803887	35.48467480687765	14.054323448791427	4013.0
SRZ187265	15.017064846416382	5.460750853242321	29.69283276450512	30.716723549488055	19.112627986348123	293.0
SRZ187266	7.084468664850136	6.539509536784741	52.043596730245234	26.975476839237057	7.356948228882834	367.0
SRZ187267	16.0	22.0	18.0	16.0	28.0	100.0
SRZ187268	16.082659478885894	13.656783468104223	20.485175202156334	21.114106019766396	28.661275831087153	1113.0
SRZ187269	12.583208073867297	11.874597380287739	28.387373845823493	29.93343354090616	17.22138715911531	4657.0
SRZ187270	11.708058793715155	9.224531170805879	38.77344145970603	28.180435884439937	12.113532691332995	1973.0
SRZ187271	9.501514734232993	8.868080418617462	37.84081520242358	30.40484714954558	13.384742495180392	3631.0
SRZ187272	9.39245810055866	6.215083798882682	40.32821229050279	31.773743016759777	12.29050279329609	2864.0
SRZ187273	10.63766388557807	9.62455303933254	23.390941597139452	33.253873659118	23.092967818831944	3356.0
SRZ187274	10.604870384917518	7.305577376276513	13.197172034564023	11.704634721131185	57.18774548311076	1273.0
SRZ187275	10.021023125437981	5.1156271899089	21.653819201121234	34.75823405746321	28.451296426068676	1427.0
SRZ187276	10.527467717224775	10.527467717224775	31.38542350623769	26.67979864302911	20.87984241628365	4569.0
SRZ187277	9.47267955141971	8.470532092579337	32.42662848962062	36.840849439274635	12.789310427105702	4191.0
SRZ187278	8.094733121244255	8.62495581477554	31.724991162955106	37.76952986921174	13.785790031813361	5658.0
SRZ187279	6.696220251983201	4.689687354176388	34.67102193187121	40.573961735884275	13.369108726084928	4286.0
SRZ187280	5.521472392638037	3.011712214166202	39.37534857780256	40.518683770217514	11.572783045175683	3586.0
SRZ187281	6.69761273209549	2.387267904509284	39.05835543766578	39.58885941644562	12.26790450928382	3016.0
SRZ187282	5.0793188764372	3.6093727259496435	41.65332557124145	42.41012952990831	7.247853296463397	6871.0
SRZ187283	16.656908665105387	7.903981264637002	28.54215456674473	35.53864168618267	11.358313817330211	3416.0
SRZ187284	16.025908900961138	6.916005014625992	29.85791893021312	35.58295027162558	11.617216882574175	4786.0
SRZ187285	15.601900739176346	6.2302006335797255	29.223864836325237	27.428722280887012	21.51531151003168	3788.0
SRZ187286	17.223650385604113	9.768637532133676	25.70694087403599	22.10796915167095	25.19280205655527	389.0
SRZ187287	10.850801479654747	10.049321824907521	21.27003699136868	25.58569667077682	32.24414303329223	1622.0
SRZ187288	15.470171890798786	14.661274014155714	27.906976744186046	29.726996966632964	12.234580384226492	989.0
SRZ187289	12.857142857142858	14.345238095238095	34.94047619047619	26.964285714285715	10.892857142857142	1680.0
SRZ187290	14.819004524886878	16.063348416289593	30.20361990950226	26.470588235294116	12.44343891402715	884.0
SRZ187291	16.871345029239766	7.690058479532164	28.801169590643276	35.32163742690059	11.31578947368421	3420.0
SRZ187292	15.236875800256081	7.234314980793854	28.393085787451984	37.483994878361074	11.651728553137003	3124.0
SRZ187293	9.873834339001645	4.772353263850795	19.967087218869995	34.44871091607241	30.938014262205158	1823.0
SRZ187294	9.678499665103818	7.166778298727395	23.141326188881447	27.026121902210313	32.98727394507703	2986.0
SRZ187295	11.313444401394808	9.182487407981403	23.479271600154977	21.115846571096473	34.908950019372334	2581.0
SRZ187296	10.4005971634735	11.047524259766112	33.4162727046529	30.10699178900224	15.02861408310525	4019.0
SRZ187297	9.536384976525822	9.242957746478874	36.590375586854464	29.929577464788732	14.700704225352112	3408.0
SRZ187298	8.53798485196236	9.593757172366306	32.33876520541657	36.65366077576314	12.875831994491623	4357.0
SRZ187299	12.958963282937365	6.551475881929446	22.4622030237581	25.053995680345572	32.97336213102952	1389.0
SRZ187300	11.989247311827956	8.870967741935484	20.806451612903224	21.451612903225808	36.88172043010753	1860.0
SRZ187301	5.65173116089613	7.2301425661914465	18.380855397148675	15.427698574338086	53.30957230142566	1964.0
SRZ187302	11.16773764679814	9.306448038998449	32.77199202304454	33.547529359627745	13.206292931531133	4513.0
SRZ187303	8.384146341463415	7.286585365853658	33.90243902439025	38.65853658536585	11.768292682926829	3280.0
SRZ187304	7.9631336405529956	5.84331797235023	41.12442396313364	34.285714285714285	10.783410138248849	5425.0
SRZ187305	7.2633744855967075	5.349794238683128	41.70781893004115	35.84362139917695	9.835390946502057	4860.0
SRZ187306	13.833772720965728	6.438185097821562	31.788538920493963	41.33481337588456	6.604689884834189	7207.0
SRZ187307	13.223880597014926	5.641791044776119	28.507462686567163	29.940298507462686	22.686567164179106	3350.0
SRZ187308	14.342265529841656	8.130328867235079	27.22289890377588	31.607795371498174	18.696711327649208	3284.0
SRZ187309	12.473118279569892	5.038402457757297	29.708141321044547	24.48540706605223	28.294930875576036	3255.0
SRZ187310	10.743582958454617	4.816088912410691	26.250330775337392	32.78645144218047	25.40354591161683	3779.0
SRZ187311	12.49698431845597	10.808202653799759	30.66344993968637	30.325693606755127	15.705669481302774	4145.0
SRZ187312	7.786429365962181	8.898776418242491	34.72376714868372	37.152391546162406	11.438635520949203	5394.0
SRZ187313	8.151135639991509	9.127573763532158	34.45128422840161	37.189556357461264	11.080450010613458	4711.0
SRZ187314	17.859212050984937	10.457705677867903	19.307647740440324	28.852838933951332	23.522595596755504	6904.0
SRZ187315	23.778264040846096	10.722100656455142	21.2253829321663	28.7381473377097	15.536105032822757	1371.0
SRZ187316	13.367281985996181	7.447485677912158	33.1635900700191	30.553787396562697	15.467854869509866	1571.0
SRZ187317	20.19170919955185	10.581351923316321	26.752147392007966	33.61135316818125	8.863438316942611	8033.0
SRZ187318	11.19946984758118	7.753479125248509	32.273028495692515	35.65275016567263	13.121272365805169	3018.0
SRZ187319	10.675582199677196	7.35531473368688	31.773115056490663	40.604104219506574	9.59188379063869	4337.0
SRZ187320	8.654545454545454	5.987878787878788	35.345454545454544	40.46060606060606	9.55151515151515	4125.0
SRZ187321	24.04092071611253	9.17062477164779	22.944830105955425	29.028132992327365	14.815491413956886	5474.0
SRZ187322	20.369095165955102	8.304641233989809	23.660652802644265	31.27668365238948	16.38892714502135	7261.0
SRZ187323	19.84509466437177	8.55421686746988	24.870912220309812	28.864027538726333	17.865748709122204	5810.0
SRZ187324	16.605380298045286	7.470485775111283	32.72692084381653	30.752854654538417	12.444358428488485	5167.0
SRZ187325	14.64354527938343	16.056518946692357	21.901091843288373	21.066152858060374	26.332691072575464	1557.0
SRZ187326	16.564165641656416	16.277162771627715	24.108241082410824	22.468224682246824	20.58220582205822	2439.0
SRZ187327	11.229073091057575	14.495712535728869	30.992241731318906	28.33809718252348	14.944875459371172	2449.0
SRZ187328	11.080669710806697	14.368340943683409	31.689497716894977	30.04566210045662	12.815829528158295	3285.0
SRZ187329	17.63963963963964	9.891891891891891	24.954954954954953	28.504504504504503	19.00900900900901	5550.0
SRZ187330	18.201376936316695	10.69277108433735	25.17211703958692	26.76419965576592	19.169535283993117	4648.0
SRZ187331	18.10799837596427	10.04872107186358	25.578562728380025	27.669508729192042	18.595209094600083	4926.0
SRZ187332	16.508817766165905	9.405617243631614	22.501632919660352	30.81319399085565	20.77073807968648	6124.0
SRZ187333	20.5	15.727272727272727	23.727272727272727	27.136363636363637	12.909090909090908	2200.0
SRZ187334	13.730972351662007	14.47654551102827	31.065548306927617	29.170549860205032	11.556383970177073	3219.0
SRZ187335	12.525252525252526	10.0	30.95959595959596	33.98989898989899	12.525252525252526	3960.0
SRZ187336	10.605187319884726	6.974063400576369	32.44956772334294	36.10951008645533	13.861671469740633	3470.0
SRZ187337	13.762183235867447	7.446393762183236	20.077972709551656	24.015594541910332	34.69785575048733	2565.0
SRZ187338	14.073462649607924	8.50185720181593	19.39744118860916	22.162608336772596	35.86463062319439	2423.0
SRZ187339	12.148823082763858	5.922551252847381	15.679574791192103	19.020501138952163	47.228549734244496	2634.0
SRZ187340	14.448514448514448	14.285714285714286	34.18803418803419	17.37891737891738	19.698819698819698	2457.0
SRZ187341	8.030982470444354	6.278026905829597	34.61068079902161	31.430900937627396	19.649408887077048	2453.0
SRZ187342	7.4643249176728865	6.695938529088913	34.39443834613977	37.02890596414197	14.416392242956459	2733.0
SRZ187343	7.995226730310263	5.698090692124105	33.7708830548926	39.43914081145585	13.096658711217184	3352.0
SRZ187344	8.47723704866562	3.6499215070643642	36.69544740973313	36.69544740973313	14.481946624803768	2548.0
SRZ187345	13.735946958777745	6.84635341597002	29.61948688382819	43.29778034015566	6.500432401268377	6938.0
SRZ187346	13.022457891453525	6.6126013724267	32.4235807860262	41.03243917654398	6.908920773549594	6412.0
SRZ187347	13.821138211382113	6.89551339957844	25.293586269196027	35.07979524239687	18.909966877446553	3321.0
SRZ187348	14.506172839506172	6.834215167548501	27.336860670194003	34.34744268077601	16.97530864197531	2268.0
SRZ187349	14.48545861297539	15.268456375838927	30.92841163310962	26.7337807606264	12.583892617449665	1788.0
SRZ187350	16.245858562778476	6.557751628013253	30.526676568033817	38.923797555123954	7.745915686050497	8753.0
SRZ187351	18.11387900355872	4.911032028469751	29.252669039145907	42.704626334519574	5.01779359430605	2810.0
SRZ187352	20.529493729679515	8.546214584300975	27.032048304691127	38.78309335810497	5.1091500232234095	2153.0
SRZ187353	11.265260821309656	7.352941176470588	21.83684794672586	27.691453940066594	31.8534961154273	3604.0
SRZ187354	17.296222664015904	16.600397614314115	24.45328031809145	29.821073558648113	11.829025844930417	1006.0
SRZ187355	26.99812382739212	7.392120075046904	22.026266416510317	37.429643527204504	6.153846153846154	5330.0
SRZ187356	9.261576971214017	9.678765123070505	27.20066750104297	44.55569461827284	9.303295786399666	2397.0
SRZ187357	17.477681378096317	10.008801710046523	21.46359864202188	45.59285804099082	5.457060228844461	7953.0
SRZ187358	15.74271499644634	9.186211798152097	29.868514570007108	39.35678749111585	5.845771144278607	11256.0
SRZ187359	14.272788961773355	9.952499434517078	29.586066500791677	39.289753449445826	6.898891653472065	4421.0
SRZ187360	12.898781134075252	9.093799682034977	32.570217276099626	38.53736089030207	6.899841017488076	9435.0
SRZ187361	16.025350837483025	5.081484834766862	29.57220461747397	42.85875961973744	6.462200090538706	8836.0
SRZ187362	21.161349552444342	7.895340830846913	23.089281615790682	31.42070231810879	16.433325682809272	4357.0
SRZ187363	15.910964550700742	13.314097279472383	22.011541632316572	28.565539983511954	20.197856553998353	2426.0
SRZ187364	10.178000912825194	16.248288452761297	30.35143769968051	28.79963486992241	14.422638064810588	2191.0
SRZ187365	11.65943600867679	16.21475054229935	27.2234273318872	27.440347071583513	17.462039045553144	1844.0
SRZ187366	15.055951169888097	4.628687690742624	26.34791454730417	51.525940996948115	2.441505595116989	3932.0
SRZ187367	18.253486961795026	6.064281382656155	34.74833232261977	37.05275924802911	3.8811400848999393	1649.0
SRZ187368	17.272053372868793	6.0044477390659745	27.0941438102298	41.17865085248332	8.450704225352112	2698.0
SRZ187369	22.084805653710248	11.307420494699647	23.40989399293286	21.20141342756184	21.996466431095406	1132.0
SRZ187370	11.914460285132384	14.73183978275628	28.818737270875765	29.599456890699255	14.93550577053632	2946.0
SRZ187371	12.702878164899372	7.0763903916901105	24.821467214888553	40.142826228089156	15.256438000432807	4621.0
SRZ187372	11.153500897666069	7.271095152603231	37.85906642728905	31.37342908438061	12.342908438061041	4456.0
SRZ187373	14.7869084059336	6.239698610784083	30.98657876147869	38.92159171179656	9.065222510007064	4247.0
SRZ187374	14.635603345280765	13.022700119474313	30.197132616487455	29.151732377538828	12.992831541218639	3348.0
SRZ187375	15.373896888063168	7.0599163957268924	24.593590339061773	37.041337668369714	15.931258708778449	4306.0
SRZ187376	10.197578075207138	8.221797323135755	20.777565328234544	27.947737412364564	32.855321861058	3138.0
SRZ187377	24.71794871794872	12.512820512820513	19.384615384615383	22.358974358974358	21.025641025641026	975.0
SRZ187378	17.32687375320604	7.694499857509262	27.301225420347677	33.68481048731832	13.992590481618695	3509.0
SRZ187379	11.43317230273752	10.305958132045088	14.452495974235104	17.793880837359097	46.01449275362319	2484.0
SRZ187380	11.44954128440367	9.688073394495413	36.4954128440367	31.431192660550458	10.935779816513762	5450.0
SRZ187381	16.25392396232996	6.7317753749564	31.984652947331707	35.298221137077086	9.731426578304848	2867.0
SRZ187382	12.595138718389393	10.680088386938374	22.56322121286521	24.380063835011047	29.781487846795972	4073.0
SRZ187383	12.218045112781954	7.706766917293233	28.038847117794486	28.477443609022558	23.55889724310777	3192.0
SRZ187384	15.694618272841051	6.88360450563204	29.737171464330412	38.47309136420526	9.211514392991239	3995.0
SRZ187385	16.470064544847542	7.188960605386156	30.068996216336522	42.28800356109504	3.983975072334743	4493.0
SRZ187386	17.72224341854254	8.202975963372758	28.69133918351774	38.668447157573446	6.714994276993514	5242.0
SRZ187387	9.077212806026365	7.344632768361582	23.27683615819209	29.303201506591336	30.998116760828626	2655.0
SRZ187388	11.36079900124844	6.679151061173533	18.22721598002497	20.34956304619226	43.383270911360796	1602.0
SRZ187389	14.66030989272944	6.585220500595947	32.598331346841476	40.0476758045292	6.1084624553039335	3356.0
SRZ187390	15.695203400121432	8.530661809350335	27.018822100789315	38.1906496660595	10.564663023679417	3294.0
SRZ187391	5.420054200542006	9.552845528455284	10.433604336043361	14.363143631436314	60.230352303523034	1476.0
SRZ187392	18.729235880398672	8.720930232558139	28.571428571428573	38.16445182724252	5.813953488372093	2408.0
SRZ187393	13.681002370470708	7.5516423975618014	33.15272604131392	34.40568912969861	11.20894006095496	2953.0
SRZ187394	16.423357664233578	27.00729927007299	24.087591240875913	21.16788321167883	11.313868613138686	274.0
SRZ187395	13.961485557083906	8.390646492434662	25.92847317744154	27.441540577716644	24.277854195323247	1454.0
SRZ187396	21.73785839672323	10.005851375073142	12.024575775307197	12.551199531889994	43.680514921006434	3418.0
SRZ187397	10.345541071798054	8.917856403889923	31.18146079039934	36.974963790606246	12.580177943306435	4833.0
SRZ187398	15.179856115107913	5.827338129496403	26.654676258992804	42.15827338129496	10.179856115107913	2780.0
SRZ187399	17.459885776448193	8.893119390807724	25.50992657057384	28.528691868370956	19.608376393799293	3677.0
SRZ187400	11.781206171107995	12.903225806451612	29.102384291725105	32.328190743338006	13.884992987377279	1426.0
SRZ187401	8.422887017136219	5.925065349985478	34.94045890212024	45.222189950624454	5.489398780133604	3443.0
SRZ187402	10.161812297734627	8.112189859762676	30.830636461704422	42.93419633225459	7.961165048543689	4635.0
SRZ187403	28.399708596406022	7.892180670228266	17.75133559980573	28.970373967945605	16.986401165614375	8236.0
SRZ187404	20.959834056194605	6.760324344710541	24.948142560814635	37.0639260795776	10.26777295870262	10606.0
SRZ187405	6.6890702512401985	4.272683629380701	36.21379420707313	43.36693871019363	9.457513202112338	6249.0
SRZ187406	30.538708526578667	5.92222618622904	22.85051730288976	29.825187299322156	10.863360684980378	5606.0
SRZ187407	28.009679370840896	13.55111917725348	20.387174833635815	21.415607985480943	16.636418632788867	1653.0
SRZ187408	17.732415150024593	7.6487948844072795	29.390063944909002	31.701918347270045	13.52680767338908	4066.0
SRZ187409	12.208588957055214	9.979550102249489	21.063394683026583	23.94683026584867	32.80163599182004	4890.0
SRZ187410	9.373493975903614	6.9156626506024095	32.144578313253014	38.48192771084337	13.08433734939759	4150.0
SRZ187411	16.993254095727593	9.79762287182782	24.638612271121104	35.014455509155155	13.556055252168326	3113.0
SRZ187412	8.47247990105133	7.503607503607504	20.18140589569161	30.715316429602144	33.127190270047414	4851.0
SRZ187413	11.778846153846153	17.908653846153847	19.951923076923077	22.65625	27.704326923076923	1664.0
SRZ187414	11.105947955390334	7.295539033457249	33.968401486988846	37.267657992565056	10.362453531598513	2152.0
SRZ187415	13.52626612142183	7.077697389116074	24.661843346964453	37.84208870714061	16.89210443535703	3179.0
SRZ187416	10.19036954087346	7.950727883538634	24.748040313549833	24.63605823068309	32.474804031354985	893.0
SRZ187417	16.396103896103895	13.717532467532468	19.56168831168831	35.47077922077922	14.853896103896103	1232.0
SRZ187418	8.635214827295703	4.675652906486942	33.235046335299074	45.534962089300755	7.919123841617523	2374.0
SRZ187419	8.711600183402108	7.702888583218707	27.831270059605686	38.468592388812475	17.285648784961026	2181.0
SRZ187420	23.433520122261843	11.920529801324504	24.24859908303617	25.725929699439632	14.67142129393785	1963.0
SRZ187421	12.386706948640484	5.991943605236656	26.51057401812689	41.13796576032225	13.972809667673715	3972.0
SRZ187422	15.240679902871019	8.12741036994715	24.48221682616769	29.938580202828167	22.211112698185975	7001.0
SRZ187423	8.431703204047217	5.649241146711636	28.246205733558178	35.49747048903878	22.17537942664418	1186.0
SRZ187424	10.47545419404716	7.962891379976807	13.60649400850406	16.235021260146887	51.720139157325086	2587.0
SRZ187425	13.863537592351152	7.953063885267275	15.297696653628858	16.427640156453716	46.458061712299	2301.0
SRZ187426	13.360091743119266	11.926605504587156	32.39678899082569	26.490825688073393	15.825688073394495	1744.0
SRZ187427	13.290278721957852	10.163154316791298	30.659415363698166	32.59687287559483	13.290278721957852	2942.0
SRZ187428	7.872735717603344	6.223873664653971	34.60287970274036	39.921040408732004	11.379470506270321	4306.0
SRZ187429	10.260723296888141	6.497056349873843	25.16820857863751	29.96215306980656	28.111858704793946	4756.0
SRZ187430	36.330845771144276	9.166666666666666	17.823383084577113	23.544776119402986	13.134328358208956	8040.0
SRZ187431	7.8861547583753335	4.9214349243996445	26.35635932404388	52.09012748295286	8.745923510228284	10119.0
SRZ187432	6.331096196868009	7.315436241610739	27.203579418344518	48.635346756152124	10.51454138702461	4470.0
SRZ187433	6.074342701722575	6.467210637654881	29.404653974010277	48.92716832880024	9.126624357812029	3309.0
SRZ187434	9.330549393188047	5.206838052981861	30.484144590891297	44.421244943233724	10.557223019705077	7663.0
SRZ187435	12.490575521487811	7.627544609198291	25.245036441316913	29.530032671525507	25.106810756471475	7958.0
SRZ187436	10.238907849829351	7.26031647533354	24.821594787465095	31.182128451753027	26.49705243561899	3223.0
SRZ187437	12.199170124481327	8.630705394190871	19.33609958506224	22.282157676348547	37.551867219917014	2410.0
SRZ187438	10.67855193742041	5.584864471529926	21.830089139530653	32.272148444606145	29.63434600691286	5497.0
SRZ187439	9.268581581285165	7.106899615042938	23.097423748889547	21.20225051821143	39.32484453657092	3377.0
SRZ187440	13.582887700534759	14.901960784313726	27.593582887700535	25.418894830659536	18.502673796791445	2805.0
SRZ187441	7.024586051179127	6.347215253386854	31.033617661816358	42.62418464626192	12.970396387355745	3986.0
SRZ187442	9.513960703205791	7.893829713891761	13.340227507755946	16.546018614270942	52.70596346087556	2901.0
