	Eukaryote	EukaryoteVirus	Plasmid	Prokaryote	ProkaryoteVirus	TotalCnt
SRZ187075	13.800487573455577	4.31409609519324	21.290682818481475	27.95018896948267	32.644544543387035	25597784
SRZ187076	21.915204443273005	9.073774610847343	20.46907282844688	34.65539162371447	13.886556493718302	25746066
SRZ187077	18.601756493810846	2.855022657648521	30.724492512563348	43.11334233775204	4.705385998225245	44292328
SRZ187078	11.215355345623731	4.543120394741736	17.49626798631534	29.237708682224977	37.507547591094216	68420837
SRZ187079	23.05203494541253	3.635431158480511	25.287085288500084	40.45389834704898	7.571550260557901	6785440
SRZ187080	18.189068484198984	5.168239120746891	22.8211894348566	42.94936387893348	10.872139081264041	3935886
SRZ187081	14.525211029662477	11.596223633969908	24.520444207901043	35.62399966772306	13.73412146074351	4141124
SRZ187082	16.132281354610583	3.5634507374107174	31.16308373603501	40.50758774587886	8.63359642606483	23797186
SRZ187083	19.667998722072955	3.9596140212363604	25.949556100779542	40.295687058437785	10.127144097473357	12858324
SRZ187084	19.549689984368445	7.864287457080563	24.16930228956173	35.98094535136488	12.435774917624384	8315871
SRZ187085	18.411848470453076	3.4890682264376998	27.305003365295864	44.418227900871734	6.375852036941627	19170677
SRZ187086	16.54584875179996	5.78345237011654	23.08676665014318	39.868995147071054	14.714937080869271	7635595
SRZ187087	18.23514959040895	8.765115426228409	25.84009727240648	33.33348826052849	13.826149450427671	10972896
SRZ187088	21.4539082227601	3.7933957309180095	26.132222204680808	38.9424779132806	9.67799592836049	10831509
SRZ187089	18.41247545075353	4.94856765726904	22.86891300562107	37.05039004336687	16.719653842989487	7815413
SRZ187090	14.445420104770784	3.6946421600973154	24.971163500571603	33.82016973072019	23.068604503840106	10923656
SRZ187091	20.99426814324704	2.943159746813782	26.507575948892356	41.714344191081494	7.840651969965327	10612268
SRZ187092	17.88004733586234	3.9986206802160376	22.833103066515303	28.1607193956136	27.12750952179272	7890846
SRZ187093	36.27283037013978	29.754791207672053	10.946298790348777	14.98408010393022	8.041999527909171	7973042
SRZ187094	15.359761233880675	3.076770911949884	27.76193022119241	45.992780122012185	7.808757510964843	14286114
SRZ187095	8.639237114179744	3.966029102554919	17.1164941849668	24.566024313347366	45.71221528495117	9730211
SRZ187096	17.69833153475031	10.69641056178162	25.699731173621515	29.763901163842085	16.141625566004468	5098458
SRZ187097	19.61108873151619	3.895266041987751	28.26169039722997	39.026755327348525	9.205199501917566	9425749
SRZ187098	9.428719587796637	3.26516538379013	14.086900104275399	24.812603708100852	48.40661121603698	3723793
SRZ187099	16.01009839763859	18.101938675171247	24.68387956830364	27.36233719709524	13.841746161791281	7790939
SRZ187100	17.80852139850872	4.127316394175837	28.723273449695636	37.55592012820805	11.784968629411756	13956066
SRZ187101	14.090952823082453	4.370143995469489	23.210076632278483	35.488183673421496	22.840642875748078	12784430
SRZ187102	14.068333228292744	8.884163092197214	28.937801759985962	31.747166375642447	16.362535543881634	12947376
SRZ187103	19.313719528931546	4.536846290971188	27.370150828804974	37.565063962554134	11.214219388738154	12860806
SRZ187104	17.181831369591997	4.992192818421477	22.82600473937813	36.14647931145094	18.853491761157457	9333714
SRZ187105	17.686831608384484	11.02595103057548	24.895908432279924	29.361109976436108	17.030198952324003	6634303
SRZ187106	19.58348857723612	5.25995973925367	28.15913133504439	33.93541539712631	13.062004951339505	10405669
SRZ187107	15.73260477704226	4.60214716514754	24.027915576886393	38.924736489344525	16.71259599157928	7983643
SRZ187108	16.48643993930827	8.296850271842562	27.668436829873468	32.87572379994448	14.672549159031218	13627557
SRZ187109	23.489382744083347	4.099691954668635	27.496033654923497	35.425242985320786	9.489648661003732	6693820
SRZ187110	18.646667766691294	4.774732048565755	28.464846465093473	36.37289291912019	11.740860800529289	15036027
SRZ187111	18.55419035782852	9.26248047136414	26.918976825425215	31.318580097954154	13.94577224742797	15443347
SRZ187112	22.804228141154695	3.146662957770917	28.272347703468277	39.26292582300305	6.513835374603061	7261820
SRZ187113	21.34598351470993	3.756309879871597	27.49765262919619	39.99996556041501	7.400088415807269	12775996
SRZ187114	19.694395707315977	6.66500370684494	26.864700587219453	33.870765789333205	12.905134209286425	8186207
SRZ187115	23.531123148328113	8.731109308807532	25.873441654718206	34.59974783579409	7.264578052352057	9826930
SRZ187116	14.367142165256785	4.053871010772848	28.36695316641177	36.53992806220752	16.672105595351074	11672029
SRZ187117	17.398045724271174	7.018390168058641	29.37771868329669	30.997279537659097	15.208565886714398	8642281
SRZ187118	22.580471447718523	3.4221616906225445	28.429568810701245	38.07822991700724	7.489568133950442	9693376
SRZ187119	19.501827864355008	3.492186300682732	30.28991209291828	34.86827819816685	11.847795543877131	8644241
SRZ187120	21.53450689850166	8.265250813179504	22.315894721301813	34.29200485855767	13.592342708459359	1876277
SRZ187121	14.298088004305363	6.89327232818009	27.14528452448446	37.980691339376996	13.682663803653094	4795879
SRZ187122	17.266485099274156	3.5846506829085456	24.590164368672163	27.679762093443486	26.878937755701646	11325455
SRZ187123	16.065572832158775	7.333960737455353	30.259777638429124	35.208308404371365	11.13238038758538	12928403
SRZ187124	20.487000624321695	2.7005982439392975	32.277889091715885	39.55218135386922	4.982330686153899	16834270
SRZ187125	14.651024346962222	4.7917694733175775	25.82271953406717	33.55294910413991	21.181537541513123	11076618
SRZ187126	16.084472730161156	17.2938032698928	20.075452723836587	36.848434369094136	9.697836907015327	5337912
SRZ187127	21.61632591412367	2.1779883851290744	29.418347342470824	40.73003069430447	6.0573076639719625	4872891
SRZ187128	9.104971470133275	4.214429863650799	22.59473692884035	25.388307720813064	38.69755401656251	2245191
SRZ187129	10.83928710405479	4.616954626819208	21.44989882481127	29.016265857265157	34.07759358704958	5139600
SRZ187130	16.674728697535937	7.23454670979349	26.454495525740928	34.66425506786751	14.971973999062135	10413009
SRZ187131	14.255669068793061	4.366348683712169	32.12582855405009	29.666221703753457	19.585931989691225	8910855
SRZ187132	17.21109755885205	11.443145789762445	20.59157040245531	34.91948476696338	15.834701481966817	3847657
SRZ187133	20.11675744716912	6.1890001048003755	24.505914048550068	38.26277638110358	10.925552018376859	7528599
SRZ187134	15.061965968242774	5.099920032974895	27.284908803202168	29.89888845350748	22.65431674207268	8258404
SRZ187135	16.40911963293046	8.789967763903922	28.145750899015933	29.460648792557436	17.19451291159225	9939479
SRZ187136	20.205206349702188	4.018027793023833	25.627503651121874	33.2581917687244	16.891070437427707	12292797
SRZ187137	10.723697517753475	4.652227318189525	18.60102136959257	25.267583140259134	40.7554706542053	4830181
SRZ187138	18.228639795605723	8.793333015803732	29.184747489324252	29.14485250157639	14.648427197689902	7033465
SRZ187139	17.75747678642318	4.105366215634907	27.972046270999442	37.19455791980482	12.97055280713765	9400964
SRZ187140	16.54596114012686	3.229444138742026	28.747418800478815	41.51469381294478	9.962482107707523	27583106
SRZ187141	18.94564401448205	9.169858178151747	23.588231624239523	30.08100368088776	18.21526250223892	2484455
SRZ187142	20.576664611555863	3.9690878023318263	27.488117616532982	38.888031508344625	9.078098461234703	11527359
SRZ187143	16.856857090505496	4.3022350652336545	32.87997917938292	33.73335605239233	12.2275726124856	8568430
SRZ187144	18.80012053977774	9.582122347874407	25.62539643636941	27.14555409376669	18.84680658221175	5189988
SRZ187145	15.469238016002363	2.5501032682612705	28.844390673274457	49.51382885052911	3.6224391919328034	20689319
SRZ187146	32.40802890480622	5.119097009904857	23.620394211379374	30.528782468865675	8.323697405043873	11750295
SRZ187147	18.340733002524594	8.940638209376784	27.58383873557548	33.39088631593202	11.743903736591122	6202980
SRZ187148	18.278995711507182	3.227795294628565	26.459963720262543	46.87176594214293	5.161479331458782	10550793
SRZ187149	24.77794930858581	5.537772924153756	26.929000773564955	33.3826915903141	9.372585403381379	4474091
SRZ187150	18.513786908123638	15.338525323486438	25.87178574101421	25.8241059457524	14.451796081623309	8177468
SRZ187151	17.18918727072744	4.463938844774045	30.492063847041745	38.56233921193339	9.29247082552338	15158541
SRZ187152	17.73715846367522	4.7974915588743565	30.940236381451076	36.47151843477983	10.053595161219514	16035776
SRZ187153	19.24459680379114	9.998125091473534	26.070324056256183	26.472369173315204	18.214584875163936	12544612
SRZ187154	16.79098302838091	5.900185052414969	28.14653230474033	40.76508603303142	8.397213581432371	9668612
SRZ187155	16.91146639653338	3.662086167133671	28.26708653919185	42.48115359993415	8.678207297206944	15575521
SRZ187156	19.436325329781173	5.748785448793196	25.930906988229403	39.50607177263791	9.377910460558319	17541253
SRZ187157	17.498048932481552	3.726939387051915	30.491072427322532	41.72475989791872	6.559179355225278	15421045
SRZ187158	18.097331400701584	3.9496247042947306	34.439315333072685	33.93400389889538	9.579724663035625	8880464
SRZ187159	14.213470235397054	8.337841684148385	30.87078286475299	30.645667520547608	15.932237695153962	7114575
SRZ187160	20.785405949147986	8.700203500695286	27.676114697462637	38.183617841603755	4.654658011090334	4965585
SRZ187161	20.020299561856852	5.903125020505044	24.730322841772892	42.572919389880404	6.773333185984807	14478145
SRZ187162	15.843521266779552	7.95689110739432	30.668880769590046	34.208915284992806	11.321791571243276	8681921
SRZ187163	17.6554546516808	9.10216243454637	30.062021193465227	36.77453278706483	6.405828933242775	6572592
SRZ187164	21.505483780269593	6.872042254355622	26.370918135956384	33.74037066282588	11.511185166592515	7426264
SRZ187165	15.480524564968617	8.67073153680201	30.305557097911937	31.466357408721667	14.076829391595771	12372843
SRZ187166	19.133782259802157	1.9061111929061094	26.36154861189448	50.082367904749226	2.5161900306480223	13013564
SRZ187167	12.267301721551899	2.9306387393327693	23.31352585216507	30.81591356830983	30.67262011864043	21324771
SRZ187168	14.50893149884321	8.328551706048527	29.944860553841387	33.09002266046838	14.127633580798499	11361195
SRZ187169	17.206498265865953	2.4615662373909384	26.89166273443737	51.26652199039355	2.1737507719121907	14334532
SRZ187170	17.98795221713875	4.597518872251741	29.48927818991826	33.71933482454245	14.205915896148793	10493051
SRZ187171	16.97120702681684	15.320297569350346	25.721273072447612	30.076595887664233	11.910626443720966	8214018
SRZ187172	18.91149200792258	7.3397685964335935	26.80233480717169	39.68608981228576	7.260314776186382	16050833
SRZ187173	15.762233186136754	3.5067509964280528	29.095425475160123	43.292714150917725	8.342876191357341	19001121
SRZ187174	21.78185541253404	8.074007851963401	26.525905434660128	31.411047522960015	12.207183777882417	13400470
SRZ187175	18.857207509821517	2.7552061267375785	26.63525707949349	48.77537386854875	2.9769554153986637	8511414
SRZ187176	14.02957647838073	3.6387576220642783	21.404723898045468	26.858124523027424	34.0688174784821	13820239
SRZ187177	14.967038719806233	7.995908933960685	28.59614908715492	33.78211199552978	14.658791263548382	9241601
SRZ187178	22.854778250828712	4.279414952948015	25.74085117747789	42.55115705465571	4.573798564089674	7956625
SRZ187179	13.681010030418753	4.980306776466769	25.963903490701266	35.261528121398996	20.113251581014215	14955906
SRZ187180	19.5738489565705	12.35616929703	26.442871327131392	29.131643310983232	12.495467108284876	8358351
SRZ187181	19.78338563300378	3.8375110447450043	28.411043492559468	39.55379230182788	8.414267527863867	9900636
SRZ187182	15.941395958660983	4.201631925203134	24.005773029639244	36.52852435576631	19.322674730730327	11911943
SRZ187183	18.065295435488473	12.119507755487273	25.8290773473609	31.559204418698975	12.426915042964382	10283751
SRZ187184	18.71683364615296	2.6127992338588277	24.263558008289188	51.8923158474636	2.514493264235428	12488560
SRZ187185	16.19271377027614	11.431060421832047	24.749619564800867	30.643071432281804	16.98353481080914	8220191
SRZ187186	14.265990874363903	8.950407255684997	30.719303548948854	32.65909992562489	13.405198395377356	8852424
SRZ187187	18.406515835868305	3.9195938005697637	28.28609753001474	42.36731603487505	7.020476798672139	11131281
SRZ187188	19.76891646840028	7.551338240136537	23.880650592016472	31.983962452288527	16.815132247158182	10780950
SRZ187189	19.097691053890046	9.507521436830164	26.092220784946136	31.916116421758282	13.386450302575374	7514987
SRZ187190	18.87544592368299	3.3381033842355974	27.15242739905515	45.06591565568495	5.568107637341314	10691011
SRZ187191	11.651285856512064	4.373649899662187	23.80500928219302	34.59741641897947	25.572638542653255	12959222
SRZ187192	19.75739139885528	11.319119394400476	24.131935752133067	30.220932944677617	14.570620509933557	3275564
SRZ187193	17.524983524513	2.32085641946501	28.036744337073703	49.28093790599672	2.836477812951564	11247012
SRZ187194	16.603914853115366	5.498528119581385	27.825587545708085	41.13567722505747	8.936292256537696	8371604
SRZ187195	19.294189806212973	7.55563186871858	27.432359913378864	35.67550048478791	10.04231792690167	29265375
SRZ187196	16.754425548844267	2.5177033698453783	29.026149145469905	48.87326295049233	2.8284589853481164	11494563
SRZ187197	12.986178926232737	4.198618435099266	29.58965253765006	45.38617286993361	7.8393772310843275	12350777
SRZ187198	13.24717163789681	7.883960230874722	28.733561240758124	30.486190724125752	19.64911616634459	22350303
SRZ187199	18.31763817056761	2.355139450737264	27.372060498217277	48.5925532482431	3.362608632234753	17976133
SRZ187200	16.820207154290422	3.5948485718119305	30.440506584732212	37.419096384842845	11.72534130432259	29632792
SRZ187201	17.185081549768068	12.020034634224789	25.484685920205735	34.06959085870462	11.24060703709679	15551669
SRZ187202	19.838958509092162	4.603446751922359	25.056164852824967	41.65651591778833	8.844913968372177	22016438
SRZ187203	19.26315374986959	4.715658676297141	24.910265701207596	42.13609826396793	8.974823608657738	22170731
SRZ187204	19.036568955201307	10.474847026951283	23.7027240435153	37.00294268765472	9.782917286677387	11239725
SRZ187206	18.66286441116609	6.081295662375386	33.21334947631904	37.481886084185724	4.560604365953758	4899548
SRZ187207	11.304467845812788	4.516080168368754	27.500499583251383	48.67340016939052	8.005552233176553	19025858
SRZ187208	8.523160476801877	3.022269841647249	27.406255448824638	51.96583686020892	9.082477372517317	20187840
SRZ187209	13.988050619882642	4.53750453125182	22.82303966631501	49.42935803830671	9.222047144243817	21638612
SRZ187210	13.088423232684114	4.457094676791961	27.966650748853077	44.27495286661594	10.212878475054907	16530746
SRZ187211	11.894993998967552	5.505410150996061	27.840267957822267	43.19003975769838	11.569288134515737	10193246
SRZ187212	33.81983128953538	5.591479548546055	20.579945165566865	34.207361440231956	5.801382556119738	12740170
SRZ187213	18.916496227299554	9.253302066422144	23.209354585978172	38.28352375576271	10.337323364537424	13371324
SRZ187214	21.254994043015046	7.366993157264403	21.649696276936385	40.126953693538596	9.601362829245573	15390336
SRZ187215	18.308001207415902	4.178111041062526	23.88171869831304	45.528692216372605	8.103476836835924	23494804
SRZ187216	17.931728642053297	5.537756226356642	24.880362096172473	42.79233621321883	8.857816822198757	15687545
SRZ187217	18.745547136155825	6.075743689384155	25.078432582268036	40.152435391292414	9.947841200899573	16565182
SRZ187218	11.62008609357613	2.888456335301847	29.427288857062297	49.853390844556095	6.210777869503631	19162173
SRZ187219	13.306902449380445	4.153749254773431	24.835190423513918	49.751607288801715	7.952550583530491	16516789
SRZ187220	17.235352976619826	7.497066325086901	26.3531102392935	37.68977381855182	11.22469664044795	6802901
SRZ187221	15.833678700346283	7.471259244642681	29.332485012229995	35.994807332044736	11.367769710736303	6618563
SRZ187222	17.108411204732977	7.723818532755199	27.28843493523323	37.139403019350745	10.739932307927846	9144350
SRZ187223	19.182579403621183	9.177555520925445	23.236363488105766	35.37542764159286	13.028073945754752	4414912
SRZ187224	17.0326290814314	7.38629970243407	24.37818112114311	40.223873020023724	10.979017074967697	10371147
SRZ187225	14.694282311430122	5.903616420120116	26.68045700698876	43.098446497061325	9.623197764399677	9762389
SRZ187226	14.369914337478672	4.846880441856784	26.946905067632937	44.854945383546465	8.981354769485145	11370200
SRZ187227	12.48954228859646	6.513954498382643	33.24576027178436	36.51942384309993	11.231319098136611	9127236
SRZ187228	13.796134863511599	7.8420737730668595	25.66802069062239	40.75704994382501	11.936720728974143	9832667
SRZ187229	10.966865712005706	4.174855129883915	21.191558894229928	56.16350443105331	7.503215832827137	11418504
SRZ187230	20.79568979994435	3.1704884906364392	25.9556022979474	43.5297346734718	6.54848473800001	20049371
SRZ187231	27.69960555618126	14.75376355927494	19.913343818591642	29.53328824614945	8.09999881980271	12794471
SRZ187232	17.934349510922218	4.575874165939481	26.574723689281956	41.8167965585463	9.098256075310045	19967376
SRZ187233	18.83912033221059	6.549261407952024	25.03534213222601	39.84042160053403	9.735854527077345	11919909
SRZ187234	15.03165070699375	4.955357802990011	23.861696200889018	50.126649662170216	6.024645626957005	19003209
SRZ187235	14.372517601693387	5.55747218234479	23.86968503874171	49.73656544544528	6.463759731774833	16290194
SRZ187236	13.034478342337584	6.157879033530834	14.046801325717382	16.776056956998623	49.984784341415576	7058518
SRZ187237	13.15713787705228	8.979520480687391	27.699343514299738	28.85672694727011	21.307271180690478	7704966
SRZ187238	9.405618337065464	7.569401786155075	30.078555465716207	33.33290327024592	19.613521140817333	9378469
SRZ187239	18.740654662508234	6.277523366534015	24.020327005624935	30.24924361621591	20.7122513491169	11362618
SRZ187240	19.212611237086946	4.629660068004367	27.08886776177563	28.41393860153957	20.654922331593482	19924897
SRZ187241	15.550550713782375	9.207695518325428	23.64052402305729	25.312679444159635	26.288550300675276	8186739
SRZ187242	13.294204999019351	7.867100359911054	26.531468656153766	29.928425331828823	22.37880065308701	7851940
SRZ187243	10.319191375122632	3.6988671807878926	28.487589708366368	44.3626236988579	13.131728036865207	17243793
SRZ187244	16.313904543776292	4.401775559738848	19.452430128665085	28.223524151548048	31.608365616271726	13349931
SRZ187245	11.272868287395383	4.749056051497441	20.06130959333552	24.606221999698178	39.31054406807348	18646674
SRZ187246	9.096723631429837	6.382536926284128	15.960234147636548	40.870029623680566	27.690475670968922	20761431
SRZ187247	11.213926633066338	7.885385148425361	23.849321465617052	28.626468221004654	28.424898531886598	9293560
SRZ187248	10.48024185284759	7.875172089327504	17.413971968476286	21.348556980640232	42.88205710870839	13828574
SRZ187249	12.331791442871662	4.491059073697257	20.201508139822216	25.080616213628364	37.8950251299805	17595716
SRZ187250	10.620825604642445	4.114120715007608	18.677817141818622	23.758665700413445	42.82857083811788	10113291
SRZ187251	21.600796716668516	4.048241812513621	26.132404166550643	33.76283021231792	14.455727091949301	23809719
SRZ187252	17.967907144111024	3.6914925643519245	27.214605719007757	36.083729626548866	15.042264945980433	6055491
SRZ187253	16.078087155413343	9.114562076691943	24.437060463128443	23.496863878602873	26.873426426163395	8048955
SRZ187254	22.30390303449319	7.8657799150080585	25.103076263832026	21.744461917467998	22.98277886919873	7775796
SRZ187255	12.48658512981847	8.17297289383597	30.550889187486096	32.02586042748589	16.763692361373575	11475139
SRZ187256	11.582305297546055	8.209732786858684	35.09098030609139	29.704667534249992	15.412314075253878	10306791
SRZ187257	12.93129293326525	8.657132881328128	31.945921700368164	30.597755805246795	15.867896679791663	11630987
SRZ187258	19.25909221124043	3.888788459886888	29.35916554109445	38.3467571208333	9.146196666944931	16650790
SRZ187259	16.59422438497094	3.80042825427269	32.45011363188524	37.62064590953363	9.534587819337501	10657220
SRZ187260	21.157101487827145	11.560079418112608	24.526676832792013	32.38293367634523	10.373208584923006	22495624
SRZ187261	12.290508399081165	3.9350831945790503	19.75654438697061	26.627784191511797	37.39007982785738	15347274
SRZ187262	11.956718159418857	7.672584130515574	28.448172987422133	34.15132871283635	17.77119600980708	13491478
SRZ187263	8.68671300666716	6.633671669787946	27.774734485339128	39.62453645035133	17.280344387854438	15536901
SRZ187264	9.667556400215913	6.2284668901628955	29.12359303526385	38.309855497084925	16.67052817727242	11243441
SRZ187265	28.432399767257774	2.6550890703860346	30.091044680326757	29.636494783769216	9.184971698260217	3786163
SRZ187266	10.357457427145857	4.834744994268334	40.7143033649088	31.32379493661661	12.769699277060395	2387613
SRZ187267	20.562951750492243	12.579538073111253	19.962968813219728	20.371967459182493	26.52257390399428	1183867
SRZ187268	17.10320473729908	9.574483294466205	22.54940506073665	23.979249846996765	26.7936570605013	3637178
SRZ187269	15.344760522318252	7.879474695437079	25.08479114906197	30.325402333959687	21.365571299223014	11733536
SRZ187270	12.09810628769689	6.700552279880069	33.05399882347138	28.6006471017748	19.546695507176857	9062253
SRZ187271	10.703478475929995	6.41893194349477	34.280072959250475	31.24917257081339	17.34834405051137	10997920
SRZ187272	10.579919922020865	5.0619400400196755	35.534144521502206	31.452995552511016	17.37099996394624	12425888
SRZ187273	14.78766046715396	4.610716680638591	25.126501399460814	32.40756919045358	23.067552262293056	10874188
SRZ187274	12.289229561061193	3.4498529002411216	20.605525412907976	20.0896913766485	43.56570074914121	6168263
SRZ187275	9.464854596125763	3.4512433421054696	20.625956180554592	30.552322425452147	35.905623455762026	9312441
SRZ187276	12.811291494984914	7.017055793706396	25.880759030325905	31.079121931878742	23.211771749104045	15208615
SRZ187277	12.324032887015315	5.9907128033093535	23.73184864057743	43.896548349654495	14.056857319443404	18516244
SRZ187278	9.447606189748779	6.169433322207109	28.255717052655562	38.88338830124825	17.243855134140297	17415311
SRZ187279	9.299173396057267	4.148556313492795	29.79140329134765	39.72743136075347	17.033435638348813	13020867
SRZ187280	8.178521496562736	3.979576332856195	33.460931273373795	42.360608538383005	12.020362358824267	12004896
SRZ187281	7.054243195963297	3.814312646376733	38.18605408847969	38.781015904668585	12.16437416451169	12215910
SRZ187282	7.400040437073318	3.7738218454216077	31.117088855636894	48.66959834670164	9.039450515166541	21420937
SRZ187283	20.33839049059304	4.702827221246565	29.78916273354798	35.72717469957884	9.442444855033578	15743232
SRZ187284	18.38408210742388	3.3173807731782414	32.0944782757441	35.985636674649335	10.218422169004448	18268750
SRZ187285	15.771230280516106	3.697287101333576	28.415125970196687	30.093564634288548	22.022792013665086	12486128
SRZ187286	18.984288858432045	7.0208470607623665	25.79507204145153	29.523842725511827	18.67594931384223	3470849
SRZ187287	13.818136662044434	7.340445820634695	19.083856222505	26.886974402796508	32.87058689201936	7199263
SRZ187288	15.9725334057047	8.593045667690104	28.34430137746089	27.64656733788738	19.44355221125692	5059091
SRZ187289	14.256028946119175	10.121712688886316	29.708554037160354	28.263379668222402	17.65032465961176	9195015
SRZ187290	12.569253460792385	10.528419664429078	33.066124830806	30.652402749438266	13.183799294534275	3855042
SRZ187291	19.23723617892266	2.9949132917022956	27.492560206464255	42.236539973554635	8.038750349356153	19346303
SRZ187292	16.797598097853903	3.351390229538153	25.938711488556745	45.890195925951346	8.022104258099857	12807849
SRZ187293	14.303777295289894	2.6293542703832853	23.034497883632696	33.32431714562118	26.708053405072945	10259325
SRZ187294	12.236185456454756	3.563760037419406	24.532303533577377	30.67175466171373	28.99599631083473	14097498
SRZ187295	13.899418000796295	6.491026958794772	22.002278668154904	24.4687924423036	33.13848392995043	11141596
SRZ187296	10.230858683361555	6.3440279618747875	35.77253066329342	30.228944411696823	17.42363827977341	23392709
SRZ187297	9.663927638703102	6.896458373144786	30.84531498821581	34.644053761386076	17.950245238550227	15699000
SRZ187298	9.826073213066858	6.1652070086226844	30.07043928681885	37.93537512428819	16.002905367203418	20670709
SRZ187299	21.189517798689778	4.927852868232597	24.905285777175312	24.8134155962463	24.16392795965601	9177080
SRZ187300	15.538932133930384	6.3254627751346835	18.677036488796386	23.905747987135676	35.55282061500287	8752577
SRZ187301	9.660571143147884	5.355526764480247	21.28738917969713	18.194621899633514	45.501891013041224	8704858
SRZ187302	12.195851236438175	7.113887530601893	28.899597851473025	37.097034479021765	14.693628902465141	13601691
SRZ187303	9.81543919719907	6.834227111765787	30.89215338075818	39.360414407225896	13.097765903051066	8401784
SRZ187304	8.169578763209767	5.4286566977489015	31.126896053816136	42.75141554279984	12.523452942425358	14582392
SRZ187305	7.724519604994906	4.584408665447557	35.97220207245422	39.97669671768447	11.742172939418847	16529002
SRZ187306	16.1996772564847	3.26648625399366	27.27664207695298	47.593159400835006	5.664035011733651	21287492
SRZ187307	14.288754064253759	4.559447029233289	25.96278218393906	32.63037612650488	22.558640596069015	11452902
SRZ187308	18.181581662862094	4.132892678597799	29.481533193310185	33.28092572677709	14.923066738452835	10800595
SRZ187309	11.606618606788922	4.208060610506827	23.196853753510325	32.3037115017852	28.684755527408726	7715098
SRZ187310	14.438147314153214	4.49026483170142	21.857421096940914	33.15486227590658	26.059304481297872	8062932
SRZ187311	12.634249979999753	6.824639087265687	26.315761214769363	34.784680115065406	19.440669602899796	11174862
SRZ187312	9.826828593149468	6.544382220272721	28.601788822740303	39.54272089153053	15.484279472306978	12593534
SRZ187313	9.711820691624766	5.716413031608128	28.94382121029457	41.83732763598415	13.790617430488382	13634879
SRZ187314	16.323749050567592	5.801692683040903	19.47666893624775	31.48723391054228	26.910655419601476	14795682
SRZ187315	22.617329125491196	7.817349651550408	22.334701079394403	29.88831060664373	17.34230953692026	5066730
SRZ187316	13.996560122724883	6.904918814420631	28.965598030336867	30.8863940796844	19.246528952833216	4379226
SRZ187317	20.858168950780655	7.809929210954773	25.88088900237285	33.42172908377695	12.02928375211477	25628683
SRZ187318	15.183260698130976	6.545886225846654	28.42258329356216	34.90933216138843	14.938937621071787	10059631
SRZ187319	11.02303359616523	6.764237128503292	28.080635846098843	41.36275535714044	12.769338072092195	11090105
SRZ187320	9.47821881985306	5.186874203587345	31.178467871484717	41.56613117614771	12.590307928927173	16378130
SRZ187321	23.468361370554003	5.396046288651195	24.484281686650945	31.167956251122426	15.483354403021428	18403215
SRZ187322	18.965612073740704	4.1370114123445685	28.01274628341905	33.66930655623279	15.21532367426289	16435536
SRZ187323	18.332754736944768	4.399500656949715	23.29133409841515	38.360306516215935	15.616103991474436	14036843
SRZ187324	17.1877550352676	4.098290104138975	30.92384533044019	34.6713556285203	13.118753901632932	10758316
SRZ187325	16.479200256403356	11.4000650794777	22.055214798975364	23.438398359801432	26.627121505342146	4087310
SRZ187326	15.688294414804943	9.738604866650913	24.306076478809423	26.936366911675524	23.330657328059196	5581703
SRZ187327	11.514967810346661	9.354461684838071	26.82220547541662	31.463765737903366	20.844599291495282	5747033
SRZ187328	11.706303757918631	9.256640083037986	28.537493743266058	30.502858941941682	19.99670347383564	7425999
SRZ187329	18.20915429036704	5.068796368239214	24.314968793231554	36.401261013528924	16.00581953463327	12242216
SRZ187330	17.888642589889738	5.323554799181706	24.80723289090301	35.34417235321431	16.63639736681123	10610861
SRZ187331	18.86851324231503	5.457767293958632	25.220390421068025	34.123296526965056	16.33003251569326	11858274
SRZ187332	15.091140415884249	4.871625467642182	22.453156370242997	37.15509483589166	20.42898291033891	14103732
SRZ187333	19.432746720344962	11.462585537448998	24.985569024466052	27.950426515499114	16.16867220224087	5067225
SRZ187334	16.51097980408505	10.685332419921744	27.41348914596263	27.731782506441846	17.65841612358873	6758545
SRZ187335	15.168784562525618	7.20306297163262	27.88972429289792	34.474670592176125	15.263757580767717	9532181
SRZ187336	10.339068774768227	5.749900746625987	29.043158976234533	38.019975794207454	16.8478957081638	10390075
SRZ187337	19.953695504011957	3.807836442054017	21.86403960591679	25.405784336995684	28.96864411102155	9959724
SRZ187338	18.340073532775495	3.8626719391312143	22.802533702163306	24.36950494167075	30.625215884259234	9290279
SRZ187339	15.163993843670221	3.4227003421122695	15.967789600851146	23.36224242847948	42.083273784886885	9697986
SRZ187340	13.731961034132798	14.537634687300292	35.8001618313018	18.078646124836894	17.851596322428215	6173095
SRZ187341	9.956625658795776	6.470680055115077	30.86510393195352	33.33055458897315	19.37703576516248	7713316
SRZ187342	9.404510857020515	5.871765740043318	30.174784646217542	37.19163036814545	17.35730838857318	8790303
SRZ187343	10.277579236291375	5.500258311912931	29.90102938881155	39.34379366992787	14.977339393056276	10417638
SRZ187344	8.270255760578456	4.863253221493175	30.621559779179947	40.53266260374929	15.71226863499913	8050537
SRZ187345	15.75727552577202	3.392829292446411	27.32353674437132	48.062982891051206	5.4633755463590425	21639845
SRZ187346	16.351190508890507	3.8014199702133897	30.427234872618083	42.37029539022183	7.0498592580561965	21297489
SRZ187347	16.381548621206385	3.4680265184349928	25.55145231373551	36.54109893495241	18.057873611670708	8751346
SRZ187348	15.318832950503644	14.501807494025735	21.75097926132824	32.871866435693406	15.556513858448975	9382327
SRZ187349	14.358373084486304	10.667904913745078	27.59922283421711	25.978363111500336	21.396136056051176	5611158
SRZ187350	16.72805963162634	3.075896239700731	29.522820045937614	43.834255655920124	6.838968426815191	25208100
SRZ187351	19.186080442863464	2.669375521378349	26.274142572388946	46.69282877241213	5.177572690957116	9800944
SRZ187352	23.819708824088657	7.080611802981837	25.396775415757023	38.03351844645135	5.669385510721129	10702465
SRZ187353	10.868061515338077	4.469519343493552	18.362700196228257	27.379391858084755	38.92032708685536	12071656
SRZ187354	19.103463324811397	9.385466959615668	23.995648630636683	27.394809982835177	20.120611102101076	5925491
SRZ187355	23.920182562483486	7.130665159299344	21.751286489755813	37.26742667431739	9.930439114143962	13346006
SRZ187356	13.690539627487032	7.6525950812395305	25.179430045433712	41.67105983364081	11.806375412198914	7731704
SRZ187357	16.99593342809441	6.25926564587804	20.54689481790578	46.53307460092882	9.664831507192948	85189690
SRZ187358	16.28734618512601	6.114328087974194	24.232885524539814	45.77849410550135	7.586946096858632	32061675
SRZ187359	15.66180276670791	8.044898870264143	25.670423472951573	41.40244266172002	9.220432228356351	10393580
SRZ187360	16.164677082581157	6.206238501412772	25.98400932517855	42.298252809536606	9.346822281290914	26395634
SRZ187361	15.959074580954079	2.2697011590401734	25.040658090875095	52.49028553121043	4.240280637920217	38828680
SRZ187362	18.114117951588515	4.462322612078341	21.86785568407738	32.04863025318489	23.507073499070877	14170356
SRZ187363	16.471729235587517	8.160378526954478	22.1220571171004	37.28213887254999	15.963696247807606	8235292
SRZ187364	11.699334790482595	25.119130368316966	22.43954214865406	26.277128045450695	14.464864647095686	7247942
SRZ187365	15.14141317619144	10.246559690517937	29.296808578772055	28.613995158306516	16.701223396212054	4887133
SRZ187366	16.268707870395286	2.74094577246874	24.47377758697728	53.338546275447776	3.1780224947109184	19175352
SRZ187367	19.577882887026153	2.992182407839539	28.2397319380493	44.191956441632854	4.998246325452154	5294597
SRZ187368	22.437379309417224	2.8518597238976384	24.2752778297802	43.183092472192	7.25239066471294	6393933
SRZ187369	20.244381832031824	7.7342086307825895	27.353173579904002	27.733515861312288	16.934720095969297	3377747
SRZ187370	13.961141352785509	9.629526692846047	26.01483101081074	30.182738525055004	20.211762418502698	6490859
SRZ187371	18.230327419802435	5.256293302154503	25.237350330845974	36.248024195115576	15.028004752081511	20197465
SRZ187372	15.848866925029803	6.22981597691197	27.400254848511068	35.83230807521374	14.68875417433342	10470534
SRZ187373	20.20470546146972	2.7402208720248415	28.852403162485516	38.50336509689061	9.69930540712931	15491233
SRZ187374	18.892690860461215	8.504463646817225	24.6945913799561	32.99680231702399	14.911451795741469	9817421
SRZ187375	19.680251655638155	3.370899019590568	27.24394922873515	34.28263570197991	15.422264394056212	13223149
SRZ187376	14.697271264751349	7.936147361398084	23.252724088189332	29.473432185590063	24.640425100071173	12233543
SRZ187377	38.80451322760973	13.620465826298778	14.85541367289743	20.578493068107754	12.141114205086305	4331357
SRZ187378	20.933351768185275	3.4866292185328938	28.02665261373326	35.33734062487906	12.216025774669514	12816304
SRZ187379	15.819949186884754	4.793280532191173	16.789680766538332	20.116515115143116	42.48057439924262	8443883
SRZ187380	15.850899318956605	7.08408382490901	26.17271020512878	39.953523709425426	10.938782941580179	13533352
SRZ187381	23.245059094668907	3.7693703975478283	29.930357421208676	33.57209189471261	9.48312119186198	16493789
SRZ187382	15.882860485416668	5.211536340655214	22.63746996870907	25.380619806920333	30.887513398298715	13873030
SRZ187383	16.355416250390824	5.7967500820452456	22.933805319836274	33.353939561128655	21.560088786599	7989494
SRZ187384	19.94541371257107	3.3763954853919294	28.4629474304659	39.91720434781031	8.298039023760785	14057743
SRZ187385	20.62880683367263	3.131476075323373	28.13597620241369	42.847592447100546	5.256148441489766	11594117
SRZ187386	19.481773553342318	5.903563871335514	26.24879511588234	39.24856270779178	9.117304751648053	13304184
SRZ187387	14.402243746585375	4.088679103930077	19.05256869449481	22.196390235612217	40.260118219377524	7755243
SRZ187388	13.20898505989221	5.420272893163376	17.145432088287127	23.424744427891476	40.80056553076581	4477210
SRZ187389	18.819592574244588	3.377186227883672	29.113154913055833	40.861233350455414	7.8288329343604905	9525711
SRZ187390	18.75255939364943	4.452049671909851	27.435030693213328	38.946909639882335	10.413450601345051	9225818
SRZ187391	9.877571003216882	7.752785887980513	13.235644015780833	16.113136144225543	53.02086294879623	6123631
SRZ187392	21.124467333862068	6.714137005753887	27.275256615766843	37.335378854250166	7.550760190367034	12216611
SRZ187393	20.648471324752386	3.7629793554089406	28.74981542403661	34.6531824232063	12.185551472595758	11390974
SRZ187394	21.21666272272325	19.885316583336447	22.174971781200167	20.26029103996022	16.462757872779918	2167881
SRZ187395	17.196482784927863	4.274845458868284	27.490711855904436	27.55623834083178	23.481721559467637	7654920
SRZ187396	16.27480463153652	10.276052269733269	12.612306531696392	14.009826382669655	46.82701018436417	8117738
SRZ187397	10.278859894316724	6.599499081434146	28.34266159762521	39.708814500174974	15.070164926448946	12084599
SRZ187398	17.92161375744252	2.9903332479512916	26.171488448546878	39.8590896861565	13.057474859902811	8682544
SRZ187399	20.699251790530074	5.806178897209421	22.079300987591814	27.934553265663933	23.480715059004755	10025802
SRZ187400	13.370223180200728	9.373762001096752	27.098793769757116	32.89026949634493	17.266951552600478	4546147
SRZ187401	13.636489641634173	5.137472238548099	24.66404211037534	45.03410884530626	11.527887164136127	9306970
SRZ187402	16.13106998957477	5.943474572384721	22.93095675681131	45.82535302523989	9.16914565598931	15656246
SRZ187403	17.424886975960497	7.4280612243732005	15.538620136618372	34.40318530914871	25.205246353899216	17503356
SRZ187404	15.156890341780967	6.893716351636692	18.025057855963436	40.36552162827856	19.55881382234035	20224795
SRZ187405	10.828661944326205	4.231300762229446	27.874508832652193	44.463295643639846	12.60223281715231	13905393
SRZ187406	29.119318593359804	3.534981006802239	22.038687871604655	31.199230966794584	14.10778156143872	11735254
SRZ187407	27.4763504387086	15.356387895204188	18.047125892347704	21.993819435947817	17.12631633779169	4127455
SRZ187408	18.190936227770152	7.191463982998444	27.542861700616882	31.040983986978148	16.033754101636376	7196518
SRZ187409	10.465426191029296	5.645922751701848	16.759103497677042	23.078542466702544	44.05100509288927	11338554
SRZ187410	12.170153453260918	5.790967748478509	25.90268690313916	40.577679051253455	15.55851284386796	9465879
SRZ187411	23.934664192809354	6.633445910525821	19.05950582828788	32.54187486006766	17.83050920830929	7391965
SRZ187412	8.606240054431076	3.2619839458068736	14.963340818845644	27.75757939104614	45.41085578987027	12910272
SRZ187413	22.869473701791208	20.540948260783114	14.974402470399154	19.098986819467168	22.516188747559358	4430701
SRZ187414	18.497974520708276	6.0749257417793725	24.97983562330606	34.88208009692619	15.5651840172801	6414778
SRZ187415	14.823483411886322	3.4449011662202045	22.91650996045997	42.17638780763223	16.638717653801272	8588258
SRZ187416	12.530095007242577	3.2866543022502754	28.932753369442906	37.773716729116224	17.47678059194802	5259178
SRZ187417	20.38668787633983	8.202607727927642	18.55938361469464	30.99141601635699	21.8599047646809	7684544
SRZ187418	12.439153551632145	2.6639839024646887	31.536580432867694	45.657790085260736	7.702492027774733	8420171
SRZ187419	11.15308181959323	3.441563594334903	26.809967396367025	42.99397954078904	15.6014076489158	5796900
SRZ187420	24.72196031596371	9.895195591593856	21.93515201039244	27.54118214008842	15.906509941961573	4772700
SRZ187421	16.510718341728893	3.0153446603029295	26.2381455433447	40.73414479885984	13.50164665576364	11605340
SRZ187422	15.224940439814999	4.5452349227132105	24.624532165999724	32.42957529451498	23.175717176957086	20572468
SRZ187423	12.397508826229291	2.8438191025540798	27.99719797313844	36.08254692437168	20.67892717370651	9657295
SRZ187424	12.109690549685482	3.8330179678705725	13.303611087885475	15.541522081127944	55.21215831343053	10488889
SRZ187425	10.858233026024681	4.885528223755276	18.282878876144792	19.593116839739512	46.380243034335734	7419034
SRZ187426	17.48642273406245	17.013174513765666	24.793769741104366	25.70318222276905	15.003450788298464	5201710
SRZ187427	12.604867420345318	9.025507120996615	27.370665809553707	35.65646241644776	15.342497232656605	7989612
SRZ187428	9.622177964920189	6.265800976501973	29.382726216094586	41.03490571966635	13.694389122816903	13843290
SRZ187429	13.698962501959091	3.593613730831881	22.787925806635855	32.526792885450504	27.392705075122667	15459981
SRZ187430	24.11311771140241	6.754142702140047	21.880336885376053	32.85047568850232	14.40192701257917	18137920
SRZ187431	4.477521687059413	2.530231288823965	13.21339625351613	73.24103384420863	6.537816926391869	43707862
SRZ187432	5.693780358928177	5.4143739660412855	18.356152126932916	61.110714478008546	9.424979070089073	15155344
SRZ187433	1.8308370834567882	1.7692590980444436	9.343759717780808	83.81103308772548	3.2451110129924796	31340746
SRZ187434	5.36584159801385	6.379737967815678	18.19838818092548	62.781584804286396	7.274447448958596	36765789
SRZ187435	16.177039033123755	4.251158029408769	21.855126713459093	27.43687902381295	30.279797200195436	25810873
