	Eukaryote	EukaryoteVirus	Plasmid	Prokaryote	ProkaryoteVirus	TotalCnt
SRZ187075	21.298402849592094	5.892221073193152	16.844766172584166	26.586234631736183	29.378375272894406	43515
SRZ187076	27.556927827093787	12.064839830181397	19.67773060594365	25.11385565418757	15.586646082593592	51820
SRZ187077	21.8023301397143	4.040895049629153	33.233500070562776	32.75680930801436	8.166465432079407	63773
SRZ187078	23.996095192865813	8.62355548519867	22.335892565036147	24.587752625191282	20.45670413170809	151608
SRZ187079	23.189823874755383	5.41765372334947	25.14162117622824	33.108456071686064	13.142445153980843	19418
SRZ187080	21.55147608908327	8.096909708235023	23.277896069517176	31.380560511020313	15.693157622144213	17377
SRZ187081	15.909486510008703	12.201914708442123	27.410791993037424	27.702349869451698	16.77545691906005	22980
SRZ187082	16.68247408712147	5.494207709504776	32.43174581667909	30.4552537090983	14.936318677596368	59044
SRZ187083	21.98828125	6.2109375	26.94921875	30.28125	14.5703125	51200
SRZ187084	20.432001973255343	8.738702232245107	30.32822988424743	27.551577723356647	12.94948818689547	56759
SRZ187085	20.590720540789675	5.61914272545706	30.05453986787525	31.900061453372253	11.835535412505761	52072
SRZ187086	20.73886114976399	7.585059070693842	25.857411803225013	27.55995743635917	18.25871053995798	36651
SRZ187087	18.663345786633457	8.472395184723952	30.17434620174346	27.731423827314238	14.95848899958489	48180
SRZ187088	22.225085357211878	5.5788185273465185	26.79572247632545	30.61263930941184	14.78773432970431	31046
SRZ187089	19.97409244573631	6.107231998988974	27.93276673722789	29.48406053521216	16.501848282834665	31651
SRZ187090	16.69087036499177	5.04405073095169	36.80656404298577	27.304192080549907	14.154322780520864	41316
SRZ187091	21.830243238646027	4.960027215512842	27.691784317060726	31.774111243408743	13.743833985371662	29395
SRZ187092	18.6850021486893	5.779974215728406	22.750322303394928	26.149548775247098	26.635152556940266	23270
SRZ187093	21.77707739863022	18.05563973574156	23.243832959573307	22.734711194617855	14.188738711437058	16499
SRZ187094	16.31176710810338	4.804270462633452	32.90356455282656	31.634677090018084	14.345720786418529	34282
SRZ187095	12.790077353961056	5.494798612963457	23.279541210989596	25.6668444918645	32.76873833022139	29992
SRZ187096	17.526777020447906	10.883079919107184	31.514493296382295	23.47015204853569	16.605497715526926	26702
SRZ187097	18.856749311294767	5.991735537190083	28.97382920110193	30.674931129476583	15.502754820936639	29040
SRZ187098	13.759267335368513	4.382904491931967	17.85870039249891	22.830353249018753	41.16877453118186	13758
SRZ187099	16.153961810254096	10.064651932040295	32.02225229288829	25.054878965569088	16.704254999248235	33255
SRZ187100	16.64392189796347	6.017740919588495	29.545454545454547	29.498215410455597	18.294667226537896	38104
SRZ187101	16.16228484963117	5.5655381123510494	30.338566294685076	25.853508606014753	22.08010213731795	42296
SRZ187102	13.722135821669259	7.778641783307413	35.39398652151374	27.249870399170554	15.855365474339036	38580
SRZ187103	19.047977705807035	5.8120559363309985	29.005046320704977	30.308051517662122	15.826868519494866	39831
SRZ187104	19.686046874512375	6.918827825110008	26.62359953812065	25.968230190681272	20.803295571575696	32043
SRZ187105	18.62357591257847	10.133855913907064	31.334905503703457	23.559305144982893	16.348357524828113	30107
SRZ187106	19.235476617425213	5.647112401445934	28.799134716648165	29.348475791990435	16.969800472490252	35133
SRZ187107	15.627145799954222	6.434538796063173	32.17841611352712	27.852483405813686	17.907415884641793	34952
SRZ187108	18.186003683241253	8.675348592475665	33.968034727703234	24.35049986845567	14.820113128124177	60816
SRZ187109	21.45549273916417	5.226693271255958	25.706684403059526	32.36891697151092	15.242212615009423	18042
SRZ187110	19.729961015498716	5.750689360083674	32.41608823809071	27.28534753256632	14.817913853760578	52585
SRZ187111	20.507171245895975	9.668221876620011	31.287080237313518	24.55935717988595	13.978169460284546	69444
SRZ187112	21.281803176048722	5.008822357561614	28.16893391769594	33.058227559906655	12.482212988787069	17569
SRZ187113	21.40013377074243	5.322164538013186	28.69700926840144	31.611300442717457	12.96939198012549	31397
SRZ187114	20.68612115000809	7.524677706456659	32.790333890716866	24.529370516209074	14.46949673660931	37078
SRZ187115	25.019866497139226	12.205975842339479	23.645104895104897	25.3893833439288	13.739669421487603	25168
SRZ187116	18.495073484890185	5.650355039357076	28.2270050090824	28.587548852314637	19.0400176143557	36334
SRZ187117	17.379564546545517	8.751928681638951	33.39619406823247	24.348534201954397	16.123778501628664	23332
SRZ187118	22.651072124756336	5.1158761100281565	29.15312973792506	29.63829326402426	13.44162876326619	23085
SRZ187119	18.06880601329864	4.803893225402332	29.310012527705503	30.273682181748097	17.543606051845426	20754
SRZ187120	17.257769652650822	8.482632541133455	33.40036563071298	25.90493601462523	14.954296160877513	5470
SRZ187121	15.915958119598061	7.624200688637481	33.29351415922985	25.676340383669455	17.489986648865152	14231
SRZ187122	16.950237145223216	4.65632763682903	26.56779342016111	28.355793119024316	23.46984867876233	26566
SRZ187123	16.801512699769095	7.738041126524973	35.40844711914329	26.737695678260394	13.314303376302249	55001
SRZ187124	18.1730481354579	4.128272512557799	35.986826785536074	32.064801570140716	9.647050996307508	30061
SRZ187125	16.56901602619335	5.919352059279683	29.028088919524382	26.17324372451031	22.310299270492273	34818
SRZ187126	19.11721961549641	16.380849561931655	24.162272142174977	27.19760827139476	13.1420504090022	24083
SRZ187127	23.010713304642433	4.157128468089003	24.814577419650217	33.33943778042304	14.678143027195311	10921
SRZ187128	12.051315277957755	4.885318128806531	22.923415835169106	22.936374238693794	37.20357651937282	7717
SRZ187129	14.519282998370452	5.149375339489408	27.59369907658881	24.329168929929388	28.408473655621943	18410
SRZ187130	15.617638092070619	7.821290984174496	31.409883318089854	26.019234500152436	19.131953105512597	36081
SRZ187131	17.339601769911503	6.0318338249754175	28.373893805309734	26.49950835791544	21.755162241887906	32544
SRZ187132	20.848329048843187	11.015424164524422	23.7853470437018	28.046272493573266	16.304627249357328	15560
SRZ187133	22.04702407089537	8.84994610993573	20.59798012055407	31.970779609596423	16.534270089018403	25051
SRZ187134	15.983622387886747	6.021862567113446	30.55737958206188	24.790451543126423	22.646683919811505	25889
SRZ187135	18.31934628975265	8.480565371024735	33.44743816254417	23.41541519434629	16.337234982332156	36224
SRZ187136	19.00485834379606	6.108412031224412	26.581691140346088	27.329548556143894	20.975489928489548	36638
SRZ187137	15.043334709038382	6.056541477507222	23.849566652909616	24.463475030953365	30.587082129591415	19384
SRZ187138	19.21273413935569	8.232580538869033	35.7108458165412	22.804349479127062	14.039490026107014	39453
SRZ187139	15.966166398443056	5.5578427336352405	27.714360567386503	32.26168644036079	18.499943860174408	26719
SRZ187140	16.458135860979464	5.511848341232228	37.480252764612956	25.932069510268562	14.617693522906793	63300
SRZ187141	17.586384734399175	9.42496132026818	33.07761732851986	22.240845796802475	17.670190820010315	15512
SRZ187142	20.365578012906607	5.146263963049104	28.718839060503818	31.287057359059194	14.482261604481279	30527
SRZ187143	14.574989875354362	5.980290689825856	31.435899743508976	31.34140305089322	16.667416640417585	22223
SRZ187144	18.01553608526782	9.213259868123927	32.11995303043989	22.757655135037485	17.89359588113088	22142
SRZ187145	19.66446574005087	4.102972535518845	33.4044138427151	35.79631580299566	7.031832078719523	38923
SRZ187146	34.92718921032056	6.604280688037529	25.400703674745895	22.98182173573104	10.086004691164973	40928
SRZ187147	18.46863355934274	7.754566000855171	34.52140981002993	28.562702339502778	10.692688290269379	32742
SRZ187148	22.10271485388207	4.87636174995677	30.067439045478125	33.467058620093376	9.486425730589659	28915
SRZ187149	28.57586678265192	6.828631788244066	26.69317758170747	25.214365602087735	12.687958245308812	16094
SRZ187150	20.40206156211737	15.467410803268885	29.052649562914663	20.920299552948546	14.157578518750533	35119
SRZ187151	24.322737566048815	5.952780340518326	30.44955128742766	28.637926696301268	10.637004109703934	47692
SRZ187152	23.954332503271008	6.176929894905668	31.28772211201621	27.609420503946314	10.971594985860802	47386
SRZ187153	21.631792864669578	10.185533644437754	31.64421195243113	21.66754478398314	14.8709167544784	53144
SRZ187154	21.387636831938185	6.641983258209916	28.689632968448166	32.768834513844176	10.511912427559562	31060
SRZ187155	21.04919460165433	4.8019155420113195	31.362646930779277	32.43360905528951	10.352633870265564	45940
SRZ187156	21.514411490633336	5.468975932649979	32.91025352655763	30.381414478969184	9.724944571189871	62242
SRZ187157	19.447736165455563	5.0396869759642255	32.460592509782	32.78479597540525	10.267188373392957	44725
SRZ187158	15.793573515092502	5.141187925998053	37.195715676728334	29.055501460564752	12.814021421616358	30810
SRZ187159	15.53449844686392	8.556367857927269	35.10087540397226	24.727808979950424	16.080449311286124	31871
SRZ187160	23.38013978968579	8.45034947421447	30.545935394496567	30.363327246395063	7.2602480952081105	15881
SRZ187161	25.146422205245734	6.94550547491724	25.220694338341396	33.048977166624226	9.638400814871403	47124
SRZ187162	15.674619112646264	6.578841674030042	37.24529413339759	29.094706402120654	11.406538677805447	37347
SRZ187163	17.22809144440596	8.049012816072047	33.343436092829926	33.04035330793211	8.339106338759958	23096
SRZ187164	24.800463439752832	5.3134654994850665	32.18653450051493	27.13697219361483	10.562564366632337	31072
SRZ187165	15.6952146231259	8.712261244608749	35.547340316286714	26.734442390634626	13.310741425344013	48690
SRZ187166	22.422778695817975	3.821871954578196	32.96894199398331	34.58328036947587	6.203126986144655	23601
SRZ187167	18.677518759850393	5.565618310554915	27.611676977723413	28.976029733480747	19.169156218390533	42511
SRZ187168	15.671856385819332	9.121718769256049	35.74538881814074	26.820851990305222	12.64018403647866	48686
SRZ187169	21.423948220064727	3.643088303282478	34.41054091539529	34.331946370781324	6.190476190476191	21630
SRZ187170	18.800261829063025	5.3394426781372735	30.320740602206843	31.246493360763044	14.293061529829812	21388
SRZ187171	20.586054859729213	16.55156268289828	25.155097740840453	23.36415779000351	14.343126926528543	25629
SRZ187172	21.3006230529595	5.820353063343718	30.91381100726895	33.36708203530633	8.598130841121495	38520
SRZ187173	19.56427790629687	4.824973943106999	33.90192439687826	31.430968299565293	10.27785545415258	39337
SRZ187174	19.358766233766232	6.148538961038961	33.57954545454545	29.788961038961038	11.124188311688311	24640
SRZ187175	23.959434778429298	4.123810439296356	30.601749495337884	35.06680765163895	6.24819763529751	20806
SRZ187176	17.372553685087144	6.513592290762001	25.173993218725833	27.91921955862233	23.02064124680269	33622
SRZ187177	15.450601214825834	8.70955745630346	33.74736581133011	27.4996900954506	14.592785422089996	40335
SRZ187178	26.135329220188126	5.7853747344998485	26.51461515120866	33.715990694851826	7.848690199251543	19774
SRZ187179	18.264062841995184	6.758432841265595	28.784746710766314	28.78231474500839	17.41044286096452	41119
SRZ187180	23.239848086473852	13.05385139740968	29.080241503554387	22.959879248222805	11.666179764339274	41076
SRZ187181	22.311710193765798	5.2401010951979785	28.91659646166807	32.215669755686605	11.31592249368155	29675
SRZ187182	19.29388114084684	5.975625078527453	28.066339992461366	29.684633747958287	16.979520040206054	39795
SRZ187183	25.164465786314526	16.43937575030012	23.79591836734694	22.566626650660265	12.033613445378151	41650
SRZ187184	26.353680794970593	4.5731089028594605	25.23828837963902	38.82072601906307	5.014195903467856	19724
SRZ187185	19.81362163736304	9.144188416875979	26.584398092533945	25.383131302100395	19.07466055112664	27471
SRZ187186	16.58740013588548	9.085584424712415	34.728111894665325	26.947496661434293	12.651406883302485	42683
SRZ187187	21.512849523193793	5.7733958299660575	27.50282851139486	33.33764344593502	11.873282689510264	30935
SRZ187188	23.31872497398871	7.708799697323202	27.398555979443202	23.873632436863513	17.700286912381372	31717
SRZ187189	24.5346915553629	10.040367370160658	29.33542846305979	23.44016688791959	12.64934572349706	36911
SRZ187190	23.512323943661972	4.721244131455399	28.271713615023476	34.6537558685446	8.840962441314554	34080
SRZ187191	17.63743375583071	6.098126846899651	27.056927247417395	28.842161818936674	20.365350330915575	40947
SRZ187192	25.101800257179598	12.617873981997429	25.889412773253323	24.158808401200172	12.23210458636948	18664
SRZ187193	21.181318681318682	3.228021978021978	32.61446886446886	37.01923076923077	5.956959706959707	21840
SRZ187194	21.93032552826956	7.470731010850942	26.541976013706453	32.43860651056539	11.618360936607653	28016
SRZ187195	25.062923247884353	8.253630552679818	31.354298251446046	26.291944874485928	9.037203073503852	105287
SRZ187196	20.508303975842978	3.791310182855226	33.689817144774366	35.761617178325785	6.248951518201644	23844
SRZ187197	18.734472287826275	6.6803668374076	27.764316167223875	35.254424439468764	11.56642026807349	32603
SRZ187198	17.116757634920408	8.463610323352952	34.72944663749982	26.76889313249063	12.921292271736187	70171
SRZ187199	26.567969661610267	4.459597432905484	26.852392065344223	34.8818553092182	7.23818553092182	27424
SRZ187200	17.961369286670493	4.908522980812138	34.95378338751833	29.990437942245173	12.185886402753873	78435
SRZ187201	22.26515498161235	14.181368312234142	24.668259698001933	27.09847984137475	11.786737166776824	59007
SRZ187202	23.125369992764586	5.970861014273499	27.51759521147142	32.690916266526344	10.695257514964151	60812
SRZ187203	22.942875922897016	5.906540913190358	27.14960485485868	33.24416453935401	10.756813769699935	65419
SRZ187204	23.732468119185988	11.390845431956794	25.71616321333963	28.98125141179128	10.179271823726308	48697
SRZ187206	22.795280379515873	6.1853789076754655	34.30847828731298	29.41248023354823	7.298382191947452	16442
SRZ187207	21.272311797887472	5.032039502069384	31.958005081576886	33.239585164352256	8.498058454114	62579
SRZ187208	13.81670933885348	4.501461749378076	35.48873272684353	36.09885420638812	10.094241978536798	55071
SRZ187209	16.054767418332247	5.757773331234965	33.20443355291261	32.08705231682367	12.895973380696509	44479
SRZ187210	13.209669462259496	5.75826344351258	35.80069067587568	32.92155895411939	12.309817464232857	50675
SRZ187211	13.140013113190678	5.397270072122549	34.71419204863802	34.11217738570662	12.636347380342135	33554
SRZ187212	24.93095389844912	7.20469513490546	27.41395793499044	31.277884002549396	9.172509029105587	37656
SRZ187213	23.01660992468792	9.43206437635407	28.523161044052408	28.50252759723512	10.525637057670483	38772
SRZ187214	21.993813211645204	7.970426274105439	29.847962967025733	30.455672319606855	9.73212522761677	45581
SRZ187215	22.298268641790113	5.665979123695231	29.217451090693167	32.67547971748234	10.142821426339147	63996
SRZ187216	18.857786476605487	6.316702980169135	32.309169467114735	32.13191033642306	10.38443073968758	54158
SRZ187217	18.105742966996644	6.1622505610744795	31.467144522347294	32.66236364585327	11.602498303728318	57479
SRZ187218	16.913315033615785	4.887218045112782	33.81867366829773	35.9828141783029	8.397979074670804	50274
SRZ187219	17.04496268979726	5.587008085320036	33.87524022230302	34.01547810730795	9.477310895271733	57759
SRZ187220	14.153654564613468	5.996742983044353	35.53022320145608	32.85276367468148	11.466615576204617	20878
SRZ187221	13.416169926958274	6.514986147258837	37.37301653933339	31.05532700864747	11.640500377802033	23822
SRZ187222	14.013689298342362	6.935478638855549	35.082881889252924	32.40341259285691	11.56453758069225	30827
SRZ187223	14.792859548669586	7.234759178174469	31.283260357022566	32.7989221960256	13.890198720107781	14845
SRZ187224	17.78690610345705	8.08099167545167	31.789596132174925	31.571485695590535	10.77102039332582	27509
SRZ187225	17.689584497857275	6.6070430408049186	33.07620644680455	31.335941866964784	11.291224147568474	26835
SRZ187226	16.339953572349756	5.690611297394893	34.26296105236007	33.30539076605623	10.40108331183905	31016
SRZ187227	14.059701492537313	7.441791044776119	35.56417910447761	32.57611940298507	10.35820895522388	33500
SRZ187228	16.475947116987	7.902825611969041	32.61119134910936	30.100359219346	12.909676702588602	27003
SRZ187229	16.04709267110842	6.238643246517262	36.79588128407026	29.06571774682011	11.85266505148395	26416
SRZ187230	27.52915788932847	5.284385757591327	27.462364486461492	31.8219185120485	7.90217335457021	38926
SRZ187231	24.981053695231147	10.960788166278384	26.78586465321245	28.029303618042494	9.242989867235524	35627
SRZ187232	21.682028063745307	6.094252501841571	32.36493648825886	30.39939632404463	9.459386622109632	55659
SRZ187233	18.033898305084747	6.15593220338983	31.74779661016949	33.64610169491525	10.416271186440678	36875
SRZ187234	16.30772774386733	5.224000921340551	33.82241160889094	36.247840608084765	8.398019117816423	43415
SRZ187235	15.859331238888483	5.796254353279267	33.81797813009912	36.02201602493851	8.504420252794622	41061
SRZ187236	11.009700176366843	6.1331569664903	18.430335097001763	17.2310405643739	47.195767195767196	22680
SRZ187237	15.205116674161795	7.959826113026533	29.565782241542998	22.58531954229751	24.683955428971167	20013
SRZ187238	11.323671497584542	5.995169082125604	33.18357487922705	27.70048309178744	21.797101449275363	20700
SRZ187239	16.079467606185162	7.36608599204019	31.672864878971748	24.854831343380962	20.026750179421935	30654
SRZ187240	16.4140980919159	6.578220011055832	33.02453250986447	25.912582680467395	18.070566706696404	52461
SRZ187241	14.919807273447297	8.966404857765164	30.69434360768266	21.932545706554023	23.486898554550855	30302
SRZ187242	13.185947348906192	8.527994067482387	32.64275120504264	24.337226548016314	21.306080830552467	21576
SRZ187243	11.57293111028442	4.210490716628902	34.4110385877101	32.72346038080422	17.082079204572356	29569
SRZ187244	11.98900202435266	6.112336465540683	33.04226969211711	22.90842070278273	25.947971115206816	33097
SRZ187245	10.079928185474822	6.490928237264143	27.455245395066203	23.018626892468106	32.955271289726724	57927
SRZ187246	13.907628437986508	6.630655281407746	26.690097655328586	29.9924517620418	22.779166863235364	42394
SRZ187247	11.52504695105592	7.132727760530451	27.534398834847266	22.4828484918171	31.324977961749262	26091
SRZ187248	12.442946972516602	7.866951360457599	24.0729495190895	20.05719994515074	35.55995220278556	51049
SRZ187249	11.564910602164684	5.88710159660348	20.75883513723614	24.116486276385817	37.67266638760988	33446
SRZ187250	8.671247025012349	5.406619066864251	16.10310296825183	21.092101127127396	48.726929812744174	22269
SRZ187251	20.11913185131555	6.076711697628881	27.257170124890987	28.933901568130583	17.613084758033995	60773
SRZ187252	18.648717621538854	5.671813193824168	28.837565394921526	25.252009697588363	21.58989409212709	15674
SRZ187253	15.371762740183792	8.63468194295262	29.896168993913356	22.636949516648766	23.46043680630147	33516
SRZ187254	13.109144004380362	9.22613615623289	33.674028107318854	22.818945062967696	21.1717466691002	21916
SRZ187255	13.327667259833737	8.541605800642746	35.61658388887413	26.03914902658628	16.474994024063108	37651
SRZ187256	13.681649012310334	9.181219582021185	35.99198396793587	25.34783853421128	15.797308903521328	34930
SRZ187257	14.539339339339339	8.473273273273273	37.53993993993994	25.342942942942944	14.104504504504504	41625
SRZ187258	18.65463366284984	5.044471686794126	31.190171887634	30.780667205717414	14.330055557004616	38339
SRZ187259	16.689649737992987	4.984043181907726	31.078365706630944	31.64965919388519	15.598282179583153	25381
SRZ187260	21.388627819548873	14.769736842105264	24.42669172932331	25.338345864661655	14.076597744360901	42560
SRZ187261	16.087865067913828	5.950544803224041	25.61072690183591	22.496144086770485	29.854719140255735	40198
SRZ187262	13.20448307410796	8.298261665141812	35.061756633119856	25.32021957913998	18.115279048490393	43720
SRZ187263	12.113853702498373	7.973263906273469	34.353877734942174	27.081560106143293	18.477444550142692	39946
SRZ187264	11.991664767362355	8.22127437892749	34.327483476052485	31.05850942597597	14.401067951681698	30713
SRZ187265	16.821602478973	5.467020805666224	28.77379371403276	26.56042496679947	22.377158034528552	4518
SRZ187266	10.390213688448435	5.048002477547228	42.056364199442555	29.1421492722205	13.363270362341282	6458
SRZ187267	20.829244357212954	9.003925417075564	26.692836113837096	19.18547595682041	24.288518155053975	4076
SRZ187268	15.964923592752596	7.389257850280482	26.732864788187506	24.231091624218195	25.681862144561222	15509
SRZ187269	15.748257589600355	8.12602782635934	29.28815682998773	25.64932522383774	21.188232530214833	38309
SRZ187270	11.707239585401691	7.140304197609309	39.478177991342676	24.943409713673006	16.730868511973313	25181
SRZ187271	12.579789559590777	7.52863680083943	38.354367658631844	25.66673467603253	15.870471304905418	34309
SRZ187272	9.53606237816764	5.617933723196881	42.00389863547758	28.230019493177387	14.612085769980506	25650
SRZ187273	14.050455501051156	6.1107217939733705	25.497547302032235	30.416958654519973	23.924316748423266	28540
SRZ187274	9.608817137534928	4.959639863396461	18.674324743868365	20.327538031667185	46.42968022353306	12884
SRZ187275	16.181005242059822	4.494295405488745	27.867715078630898	18.75578168362627	32.701202590194264	12972
SRZ187276	12.002582589045518	7.119337135478317	34.167653072204885	23.74044980092543	22.96997740234585	46465
SRZ187277	11.672970613907477	7.474541751527495	35.350596450392786	28.213558335757927	17.288332848414314	34370
SRZ187278	10.859134420281206	7.347640304600033	34.55873576663245	30.419421832851924	16.815067675634385	41891
SRZ187279	8.487839724648504	5.263499691528396	37.59781796928272	32.84735526187616	15.80348735266422	30797
SRZ187280	8.528680337559623	4.888091646622366	43.56476007990542	30.233601043662603	12.78486689224999	24529
SRZ187281	7.848613640963368	3.1005869257235377	45.840922890103215	30.54442420562639	12.665452337583485	24705
SRZ187282	8.745562675764141	4.31745885390254	44.31100456410493	31.222626895947627	11.403347010280761	43382
SRZ187283	18.535767511177347	6.113387978142076	30.486214605067065	29.474043715846996	15.390586189766518	32208
SRZ187284	17.91953480281305	5.452150791481325	31.44305559006983	29.34320717676002	15.842051638875773	40241
SRZ187285	16.00444191652447	5.249045258795808	31.556566723544865	24.809728880582867	22.38021722055199	36921
SRZ187286	16.824150202478833	6.381151061479936	30.0159528776537	23.80660203705976	22.97214382132777	8149
SRZ187287	13.770089893761918	6.088259329882866	25.878507218741486	23.22255516208118	31.040588395532552	14684
SRZ187288	14.934655250112664	8.96800360522758	33.21315908066697	25.678233438485805	17.205948625506984	11095
SRZ187289	13.02808242758078	10.642797422908572	34.800570501155754	24.654502532828406	16.874047115526484	20333
SRZ187290	14.467564259485924	10.142798857609138	33.48837209302326	26.1281109751122	15.773153814769481	12255
SRZ187291	18.624584451475947	4.385789241799175	30.31601714262827	31.99423238675051	14.679376777346096	24967
SRZ187292	17.926232759000573	4.552064513286036	30.793636804300885	31.084475388886442	15.643590534526066	22693
SRZ187293	14.86970684039088	4.457111834961998	23.789359391965256	32.35070575461455	24.533116178067317	18420
SRZ187294	14.943905457739449	5.090429991615762	26.79362797939873	24.37018405397852	28.801852517267537	25047
SRZ187295	13.406740569898073	6.922848002380775	26.37824566624507	21.5162562309352	31.775909530540883	26882
SRZ187296	12.206460126563297	8.013676033950155	33.140389287106736	25.039738475842007	21.599736076537805	33343
SRZ187297	10.836752899197146	7.632471008028546	36.94558429973238	27.093666369313112	17.491525423728813	28025
SRZ187298	10.462828300111216	7.288904097869792	35.59471868138136	28.648016653834087	18.00553226680355	35067
SRZ187299	15.29737009995038	5.323598213652796	22.598709860353015	23.796696675409372	32.98362515063444	14107
SRZ187300	13.70004933399112	6.4578194375925015	21.933892451899357	19.78786383818451	38.12037493833251	20270
SRZ187301	9.072699959029453	5.066690945509173	23.558064369281194	19.101379341739882	43.201165384440294	21967
SRZ187302	12.793398828824468	6.4269467163529015	35.80070657697333	29.48023036345158	15.498717514397716	41326
SRZ187303	12.49586047025058	5.592964639216985	36.68911211686353	30.356551495750082	14.865511277918829	27177
SRZ187304	11.650304129762032	5.66108206167965	39.00064027318322	28.364102016860528	15.323871518514567	37484
SRZ187305	11.674015508590543	5.394556788809488	38.35487304242056	30.10795195377832	14.468602706401095	32885
SRZ187306	17.27977178864904	4.506748414016264	35.421722655085794	34.3338868310129	8.457870311236002	46974
SRZ187307	15.977910722503452	6.184997699033594	30.7163675410339	26.424298205246203	20.69642583218285	32595
SRZ187308	15.725990786651193	5.942961634490277	30.896367408657735	30.4497661497345	16.984914020466295	28437
SRZ187309	15.83971625853677	4.867373504886239	31.502094102554427	23.46904124061427	24.321774893408293	26503
SRZ187310	15.021957681559178	5.523899393895402	27.536021485863607	25.37291764962073	26.545203789061084	27553
SRZ187311	14.29501790947574	7.208193955181907	33.52180219650099	25.218317989402326	19.756667949439034	33781
SRZ187312	12.099949114866494	8.106805217065267	34.28854548863119	29.017916923324137	16.48678325611291	37339
SRZ187313	11.622909926152783	7.3773123564424905	35.99496159450715	30.30205734890958	14.702758773987997	40489
SRZ187314	18.845812256245896	7.556859867938371	20.9001042591806	24.298181256516198	28.399042360118933	51794
SRZ187315	21.266846361185983	7.509433962264151	25.304582210242586	28.60377358490566	17.315363881401616	18550
SRZ187316	12.67259056732741	6.698564593301436	33.35611756664388	27.915242652084757	19.357484620642516	14630
SRZ187317	31.46039978138772	10.952707652592533	26.347430724327594	21.910066630231288	9.329395211460865	85997
SRZ187318	17.587961181651064	6.451199179171476	30.439057757257064	30.691291522380403	14.830490359539994	23391
SRZ187319	14.945814772953925	7.223588857123861	33.52835582740509	29.944817498836514	14.357423043680607	30082
SRZ187320	12.918865840186571	5.587946483368111	37.30207438320854	29.40039278261937	14.790720510617405	32588
SRZ187321	23.484685460153504	7.1228749731009255	24.32393658991464	27.40358176123186	17.664921215599072	41823
SRZ187322	21.36410681018423	6.719105775201822	25.32601945766922	27.677499482508797	18.913268474435935	48310
SRZ187323	18.571687347160584	6.849470156688706	27.599402228059052	27.497509283579387	19.48193098451227	44164
SRZ187324	16.457426973275325	5.347420758234929	34.180236171535114	27.29397141081417	16.72094468614046	40225
SRZ187325	16.341567291311755	9.69335604770017	27.291311754684838	23.74787052810903	22.925894378194208	23480
SRZ187326	14.605295924296506	9.53764422677845	30.10293019008882	23.744500705569852	22.009628953266372	24094
SRZ187327	13.091393508800259	9.801388664621348	30.881640561924755	26.001130308412723	20.224446956240918	24772
SRZ187328	13.624718820294927	10.216195951012248	33.15108722819295	26.002874281429644	17.005123719070234	32008
SRZ187329	23.842343815709548	6.843138171113499	25.18573898415962	25.372646138030934	18.756132890986404	42802
SRZ187330	21.664468622925597	7.43213539949445	26.178700956149026	24.96977689856028	19.754918122870645	36396
SRZ187331	20.783047633689495	7.279575678376508	27.15555897199375	25.52591795423681	19.255899761703436	39027
SRZ187332	16.905994322925363	6.342878610786442	25.523877108031392	28.443813658373685	22.783436299883117	47912
SRZ187333	18.524230584687093	9.256974432791829	30.080882856947014	26.4377270546302	15.700185070943862	29178
SRZ187334	16.33649596686961	9.766047532218685	30.59307105108632	26.495039713199617	16.80934573662577	32357
SRZ187335	13.910248329761755	7.61691667717131	32.76503214420774	29.068448254128324	16.63935459473087	31732
SRZ187336	11.834093044295209	6.218031246737882	33.90862590904346	31.71996242040433	16.31928737951912	28739
SRZ187337	14.373609111140201	5.061744556442815	22.049133830780644	25.906532268621547	32.60898023301479	22917
SRZ187338	15.252544468752973	5.131741653191287	20.93122800342433	25.01189004090174	33.672595833729666	21026
SRZ187339	13.519018730903777	5.079041757073905	21.520612850374174	20.48443519461542	39.396891467032724	22583
SRZ187340	17.321253235740425	11.662054806748193	26.385789520664108	19.490315094171205	25.14058734267607	22406
SRZ187341	12.281270252754375	6.939172298861217	33.05712434033886	28.94639385242107	18.77603925562448	21602
SRZ187342	11.22379699567173	6.483917508274633	33.56106254773827	29.86930323347195	18.861919714843417	23566
SRZ187343	12.018352045954718	6.1285389234958405	34.94348912678578	31.153717035323957	15.755902868439703	26809
SRZ187344	9.799328147100425	4.601308345120226	38.78182461103253	31.33398161244696	15.483557284299858	22624
SRZ187345	18.20406721501741	5.712267245294444	30.66811323611041	33.60750870464752	11.808043598930212	39634
SRZ187346	16.21224748978053	5.222843989363813	32.09509068539906	34.26796840893757	12.201849426519031	50394
SRZ187347	17.62922782386726	4.901882578174856	26.71107211231653	29.419272495213786	21.338544990427568	25072
SRZ187348	17.752605346624378	5.731762573629361	30.90620752152243	27.90666062528319	17.702763932940645	22070
SRZ187349	17.071898152979234	10.763852655744548	30.705415840550977	23.312115204007096	18.146718146718147	19166
SRZ187350	19.89885076375897	5.178758660389383	29.27160214633745	31.689315597952344	13.961472831561851	48641
SRZ187351	21.843374633500424	4.695923578927457	28.01475456351083	34.857656294334625	10.588290929726663	21146
SRZ187352	25.94604381676625	8.624539803247028	24.702758162834208	31.329591405637032	9.397066811515481	16569
SRZ187353	17.022742935906273	6.55103759859101	24.28593307297649	21.027643770579676	31.11264262194655	26118
SRZ187354	19.326001672133255	9.942761592385363	26.985658241687567	26.117435204836323	17.62814328895749	15549
SRZ187355	33.304002085777604	8.134532655455612	23.217311954112894	25.488854125928825	9.855299178725069	30684
SRZ187356	16.184744850530848	8.78712265766427	30.441802436518422	32.271637555653406	12.314692499633054	20439
SRZ187357	25.419778043648666	7.960311894055035	22.41841660134494	34.88592763727877	9.315565823672594	48478
SRZ187358	19.968099323188344	7.255248523515972	30.04267793249127	32.24985989567617	10.48411432512825	69591
SRZ187359	17.413007940214854	7.814689397477814	32.394325081737506	31.600303596450257	10.77767398411957	34256
SRZ187360	18.16628006348431	7.071786106702478	31.230924185081186	31.44304724697839	12.087962397753632	65528
SRZ187361	22.772983844806333	4.54594606284738	29.464305023897577	31.84973723480179	11.36702783364692	46239
SRZ187362	29.102350650450095	6.690746959392725	24.56189858057962	25.205293901853995	14.439709907723566	35437
SRZ187363	19.781977355949323	9.352245464876468	25.211498800454564	28.30506334441685	17.34921503430279	23759
SRZ187364	14.682440846824408	9.941884599418845	31.21212121212121	25.819842258198424	18.34371108343711	24090
SRZ187365	15.37229395204349	9.09135035433453	32.46286768274925	24.667508008931172	18.405980001941558	20602
SRZ187366	21.001309195973093	3.6296329736806463	30.400433389011784	38.124689630264996	6.843934811069477	22151
SRZ187367	21.52793969068159	3.932540607756276	30.869666588948473	33.8929043289034	9.776948783710267	12867
SRZ187368	22.33747895508608	4.5619942431977405	25.41139412371694	35.192527018954	12.49660565904524	18413
SRZ187369	15.781651128225915	9.073098229968924	32.99554114308877	23.77381434941224	18.37589514930415	14802
SRZ187370	16.282144509816884	10.15733456732994	29.63244529648972	25.318966087128974	18.60910953923448	30254
SRZ187371	20.227126005047243	6.068431245965138	24.90756499794589	30.66494512588767	18.131932625154057	34078
SRZ187372	15.08099907894024	7.298044102508533	36.6988134583085	26.18518719185133	14.736956168391396	36914
SRZ187373	18.990615777431444	4.1715024704048815	31.014358192127865	31.001094273303046	14.822429286732765	30157
SRZ187374	14.53725134034512	8.487387572144259	34.88705944393988	26.338147833474935	15.750153810095801	34133
SRZ187375	18.589399630358315	4.912657246765635	27.395218505932153	30.814404101830323	18.288320515113575	33546
SRZ187376	14.818363968986846	5.7452739785695615	21.39123617039812	26.605104974300897	31.44002090774458	22958
SRZ187377	20.020723854636962	11.050255347494634	28.532307009103693	23.906446599067426	16.490267189697285	13511
SRZ187378	19.042660608355423	5.222138079010476	30.1842736337246	29.06411712735075	16.486810551558754	31692
SRZ187379	15.475121250224538	6.269085683492007	18.645590084426082	23.19022813005209	36.41997485180528	22268
SRZ187380	15.790932741928605	7.214142534226127	38.275685588774685	26.502324391180107	12.216914743890477	46894
SRZ187381	18.432671081677704	4.827078734363503	33.42163355408388	29.072847682119207	14.245768947755703	27180
SRZ187382	16.643383460706165	6.083764757443778	25.87175062316816	24.29944942065905	27.101651738022845	36507
SRZ187383	17.025010969723564	8.029837648091268	26.916567416786812	25.236632608286843	22.791951357111515	31906
SRZ187384	19.58643675815393	5.064109104513145	32.051151243070436	30.323436384042445	12.974866510220046	29403
SRZ187385	20.65294034691863	5.461147934000846	31.941898180792553	32.35439289239881	9.589620645889156	28364
SRZ187386	20.934126723081064	6.132823012289568	30.182698920551385	30.891367401249887	11.858983942828095	33443
SRZ187387	14.551703136555444	6.334014877974507	28.128942445730196	28.181145865054162	22.804193674685692	22987
SRZ187388	13.806469800549722	6.223130594122208	23.88469941503982	22.820494749453804	33.26520544083445	14189
SRZ187389	17.58153664402346	5.497658326652884	32.92688072233239	31.289818994979115	12.704105312012151	23701
SRZ187390	17.883737689166466	5.805108495476019	29.161662262791257	32.51661462086636	14.632876931699895	24978
SRZ187391	11.887323943661972	7.316901408450704	18.450704225352112	20.795774647887324	41.54929577464789	14200
SRZ187392	20.154473914310696	5.552317108714661	29.957252501700186	31.929466627805304	12.406489847469153	20586
SRZ187393	13.70649923184824	6.145214080555741	33.938948634025785	30.158306058379534	16.0510319951907	29942
SRZ187394	18.186475409836067	11.782786885245901	28.346994535519126	20.372267759562842	21.311475409836067	5856
SRZ187395	12.768461312150633	6.384230656075316	28.738844758262236	24.38462292831225	27.72384034519957	20394
SRZ187396	27.789900728401513	8.808433475735317	15.545379106862956	13.999446783661677	33.85683990533854	32537
SRZ187397	14.75136155888229	6.551903445633433	33.263088754481515	29.042940419825392	16.390705821177374	36539
SRZ187398	18.083182640144667	5.248428485318178	28.10643244639628	29.815723757857572	18.7462326702833	23226
SRZ187399	19.70896351938559	7.885606494425169	25.28716273116179	26.509920167076498	20.608347087950953	29687
SRZ187400	14.510625561209219	7.650404070637534	31.48757856929063	29.877282250823107	16.474109548039507	16705
SRZ187401	13.722004976892997	5.556345538570921	35.65943832207608	34.6178457163171	10.444365446142909	28130
SRZ187402	23.399420553314776	8.214508890530023	29.117195932511503	28.560472646707947	10.70840197693575	35206
SRZ187403	22.976337546327095	6.059108619215053	25.597263137888437	29.22930723177801	16.13798346479141	52615
SRZ187404	24.753653544056743	6.450230875422478	28.19853699560464	28.385776169848146	12.211802415067993	63021
SRZ187405	12.290361805125382	4.1204946428981115	38.66749260100489	33.81053983986051	11.11111111111111	43587
SRZ187406	21.724827983223225	4.58071767318183	27.61862989665287	28.0654623207873	18.010362126154774	36479
SRZ187407	18.809776833156217	11.124783265283293	28.765590916717937	22.540410537502098	18.759438447340454	17879
SRZ187408	15.987471150675898	7.27332673920211	34.33564127926146	27.537091988130562	14.86646884272997	30330
SRZ187409	17.60330129771407	8.044198295053484	23.421295542162134	24.520823152522127	26.41038171254819	36834
SRZ187410	13.059381608275704	5.80385208892953	34.82025490084014	31.05675258615763	15.259758815796994	34994
SRZ187411	22.699184312433054	7.23819724808437	24.610694570322156	28.343083134217682	17.10884073494274	24274
SRZ187412	15.064211666408788	5.192634999226366	24.041466811078447	25.892000618907627	29.80968590437877	32315
SRZ187413	17.880045265937383	13.53577266440337	21.82195397963033	24.349302150132026	22.412925939896894	15906
SRZ187414	14.998023107674735	6.747792470236788	33.30843913368185	28.55071827087818	16.395027017528445	22763
SRZ187415	17.409782860675374	4.802565489529402	25.291708523298045	29.819952090255775	22.675991036241403	25882
SRZ187416	12.57679180887372	7.4573378839590445	25.83617747440273	25.486348122866893	28.64334470989761	11720
SRZ187417	22.977060751197378	7.1716662465339045	21.697756491051173	29.95336526342324	18.200151247794302	15868
SRZ187418	12.002974714923154	4.189390183440754	32.92513634110065	36.90629647992068	13.976202280614775	20170
SRZ187419	11.364061622902764	4.8462545998877316	28.653402357637372	33.96744215056446	21.168839269007673	16033
SRZ187420	17.78034348390821	8.63520469524222	31.019387116948092	26.078799249530956	16.48626545437052	20787
SRZ187421	18.154471227096927	4.625542055709653	27.534476696487868	32.23815290854397	17.44735711216158	25597
SRZ187422	15.555790289074329	6.202246399774656	27.217351501707686	27.69444737861343	23.3301644308299	56802
SRZ187423	12.826620470622203	4.54742312689476	28.056878879745923	28.872527789807997	25.696549732929117	13854
SRZ187424	12.155521295047215	5.945268837926383	16.356716130275583	18.635575255347852	46.90691848140297	20756
SRZ187425	17.17415015451736	6.739683693873841	18.905653517542266	19.360116342483185	37.82039629158335	22004
SRZ187426	16.935532964022645	11.444572959152614	29.52456321909052	24.447555853168563	17.647775004565656	16427
SRZ187427	15.565530288978744	7.248581073561598	32.540712987350226	28.267240419928033	16.3779352301814	26957
SRZ187428	12.420793417219736	6.225412174539776	36.66476470764888	29.6255142797081	15.06351542088351	33299
SRZ187429	11.294251380318284	5.009743423189347	25.308541734329328	26.29371007902999	32.09375338313305	36948
SRZ187430	26.270009800718718	7.432211695524338	23.382881411303497	24.2547370140477	18.66016007840575	48976
SRZ187431	11.926550511508951	5.2849264705882355	31.553708439897697	37.68981777493606	13.544996803069054	50048
SRZ187432	9.736906810917137	5.599072675541818	34.377744213003616	36.112964979451334	14.173311321086093	28469
SRZ187433	9.364197770614052	5.010292461257622	34.51664271565619	36.63339418184643	14.475472870625705	25747
SRZ187434	12.757408337518834	4.83843964506948	36.1104135275406	33.494475138121544	12.79926335174954	47784
SRZ187435	13.767686029160599	5.627168617298599	28.610466893191667	25.81306294158891	26.181615518760225	55623
SRZ187436	12.769932239883477	5.0946741814957885	28.025457539104554	28.101450193147997	26.008485846368185	31582
SRZ187437	13.48374726891693	5.8590092299460474	22.526419048468362	25.496053863646498	32.63477058902216	22427
SRZ187438	17.6370997423629	5.314685314685315	23.871917556128082	27.05680284627653	26.119494540547173	40755
SRZ187439	14.711497666525243	6.328666383821242	25.3394145099703	22.076085419318343	31.54433602036487	28284
SRZ187440	15.846432246389668	9.77539651562999	28.882659759429444	25.643118191817763	19.852393286733136	28183
SRZ187441	10.807204803202135	5.620413609072715	35.29352901934623	32.96531020680454	15.313542361574383	29980
SRZ187442	11.296217921588243	5.217190565965142	17.571467046285253	19.206648455234504	46.70847601092686	25991
SRZ187443	15.816947091019664	6.4691871072369755	24.414656395702412	29.366004459760795	23.933204946280153	39464
SRZ187444	15.76178251085544	6.139266584260404	23.828087857754113	29.447561091566037	24.82330195556401	31551
