	Eukaryote	EukaryoteVirus	Plasmid	Prokaryote	ProkaryoteVirus	TotalCnt
SRZ187075	11.873840396703024	5.0371815829391995	13.777967008907861	32.90089904492306	36.410111966526856	15280549
SRZ187076	18.36651863003031	7.809552722863325	19.97545723964697	40.755972389157975	13.092499018301417	16904374
SRZ187077	16.485461323427323	2.8817949424371982	29.988164412123073	47.069303845077854	3.575275476934548	31984892
SRZ187078	7.964691804319926	4.071654479448717	15.758380271702178	30.629398314887776	41.5758751296414	51209527
SRZ187079	21.75179623150868	3.9299584996636856	23.694422681004866	45.49196946116803	5.131853126654738	4402133
SRZ187080	16.690676496750946	4.858654846442625	21.55106517707721	48.04823073559787	8.85137274413135	2653080
SRZ187081	13.556657404745936	13.05116412762288	23.360959407237072	39.537782249049854	10.493436811344257	2504880
SRZ187082	14.054026213846447	3.703493578248537	31.22182384868243	44.345846283919165	6.674810075303423	16445202
SRZ187083	18.61757496636865	3.8475350131481103	24.758017500615356	44.23801677314571	8.538855746722179	8852603
SRZ187084	19.143030863326146	8.430058597047728	21.66110774346469	39.284508918727155	11.481293877434277	5419215
SRZ187085	16.137885823316953	3.7402585450693953	25.04292787571574	50.526933278274896	4.551994477623011	13386989
SRZ187086	14.941344970314235	5.057139064536371	21.973782853453685	44.32661356011971	13.701119551576001	5303552
SRZ187087	18.08641439904816	9.63592059820949	24.308235179174158	35.53370696502512	12.435722858543075	7021353
SRZ187088	19.216243078233706	4.051631913155819	24.848392407038517	43.694307809312804	8.18942479225915	7113430
SRZ187089	17.156778233740212	4.886512260547644	20.406918129097125	40.979514343963174	16.570277032651838	5144917
SRZ187090	14.707057367374254	3.9998635370308846	24.791575133386175	43.36289393320074	13.138610029007946	6272764
SRZ187091	19.13344003407793	3.11940883661096	24.520160859278402	47.26490709994214	5.962083170090564	7399511
SRZ187092	15.98477648596913	3.665554630666254	19.862226677499294	29.9654156948461	30.52202651101922	4610762
SRZ187093	23.125142456217095	31.749393548839564	12.58143592300782	21.8976490526643	10.646379019271224	3365069
SRZ187094	14.557273146672001	3.634010014939328	27.855888273652774	47.98674127307824	5.966087291657659	8533851
SRZ187095	5.934896111771768	3.896128911673173	13.85095301952072	24.4898062456181	51.828215711416235	6126055
SRZ187096	17.65117207976119	11.845891893722849	22.905735589591487	32.058646077422296	15.538554359502186	2981751
SRZ187097	17.495372958816517	4.067373271669052	26.80645869714679	44.53647105755428	7.094324014813362	5855794
SRZ187098	6.483708146061616	3.0102161265970273	11.587013912639147	26.228497975355985	52.690563839346225	2228046
SRZ187099	17.841502196916753	11.183204507592523	25.212696122320317	31.733876152941818	14.028721020228588	4152638
SRZ187100	14.433461961523044	4.7077110527448935	27.36917146256279	43.47132774831959	10.018327774849686	8179389
SRZ187101	12.988529567825314	3.896202835973305	20.077250526458712	40.46426371963786	22.573753350104806	7836322
SRZ187102	13.442426929842876	9.760838243100595	25.866221965955326	35.389319746932436	15.541193114168767	8041963
SRZ187103	16.425652484320615	4.687316203221376	25.226424473553394	43.78817874382278	9.872428095081832	7600106
SRZ187104	16.39100310244409	4.7289595489752925	20.705119381617116	39.98708530738047	18.187832659583037	6305996
SRZ187105	16.857495488038712	12.452278509840607	21.948236723079447	31.86727854657299	16.874710732468245	4083590
SRZ187106	17.747855829153032	4.692065395819554	26.5019145677475	38.59492346956844	12.46324073771147	5929798
SRZ187107	15.799151573701653	4.42356272089453	20.685283581946788	44.04962385158757	15.042378271869456	5227325
SRZ187108	15.501121573901095	8.74423461879111	25.479579973319527	36.585137212647986	13.68992662134028	8832677
SRZ187109	20.26493473519944	4.2147323921275595	26.798639486675082	40.51818094558875	8.203512440409165	3875596
SRZ187110	17.597168409188118	4.827766007403556	27.263296378371898	40.48876457140045	9.823004633635978	9550815
SRZ187111	16.592554217214236	9.151979025509032	25.792975255852824	34.810933794086345	13.651557707337561	9658971
SRZ187112	21.13040738293201	3.282369169001711	27.926702391667426	43.165950497127255	4.494570559271597	4731887
SRZ187113	18.7691436587988	4.033995106135161	25.472826929429125	46.36974498661838	5.354289319018532	7986326
SRZ187114	19.70422535835719	6.75111649252206	22.936589254449455	38.755824094070455	11.852244800600841	4511002
SRZ187115	21.11487351571273	8.214924423488936	25.979601616974776	39.3417227720556	5.3488776717679585	5896938
SRZ187116	11.544854664537002	4.013356343206623	26.69939158556702	41.90430512391283	15.838092282776529	6957593
SRZ187117	19.02276033195986	6.814524033353115	25.54224231190347	34.55128844529668	14.069184877486878	5193158
SRZ187118	19.89576589910532	3.8127510061797407	26.065541975086223	44.54499297893854	5.680948140690176	5800405
SRZ187119	18.244437850050122	3.6201146759631	28.656605505044713	38.465115931114624	11.01372603782744	4812168
SRZ187120	26.18199645838795	8.448192803012736	14.373058005018072	37.86609829251141	13.130654441069828	1056581
SRZ187121	12.319223861177502	7.481614787367945	24.008400627925724	43.39907225388564	12.791688469643185	2828360
SRZ187122	14.781957313529212	4.038345479158414	21.54333768324459	27.66881231494759	31.96754720912019	6278289
SRZ187123	15.232436402165641	7.448315153179997	28.933364820994516	38.70026269305463	9.685620930605213	8562084
SRZ187124	17.542053896483672	2.9478878005935827	31.577815204585075	44.702020765419384	3.2302223329182858	10631714
SRZ187125	12.135776266665081	4.674190915968846	24.07646923633094	38.58754324826805	20.526020332767086	6557199
SRZ187126	12.629873507152952	17.789488377137936	19.138344346347925	42.97064226763092	7.471651501730264	3374341
SRZ187127	20.46507652858569	2.0118346928632493	29.950726540473152	44.055652251720524	3.5167099863573803	3486867
SRZ187128	6.712117026936957	3.8544806249302317	21.56700261474016	25.00478703597325	42.8616126974194	1227273
SRZ187129	8.930079707115986	4.828262154254169	17.06701595583678	30.41853442684386	38.75610775594921	2775160
SRZ187130	14.604592705352983	7.878403756314661	25.567214853204025	39.08819921340125	12.861589471727074	6314274
SRZ187131	13.907288943104039	4.56494706930871	26.510616870682686	34.71404660926795	20.303100507636614	5076072
SRZ187132	14.486686868055772	13.02173905497763	18.395542851589212	38.7314777212	15.364553504177383	2304792
SRZ187133	18.40596638230884	5.263351576632399	23.994148671018696	43.48639828581681	8.850135084223252	5027234
SRZ187134	13.806503176356165	5.46415145517863	25.28273312274909	33.75262528379933	21.693986961916778	4689493
SRZ187135	14.532606971070036	9.803802015978667	26.435777608374096	32.010625945105794	17.217187459471404	5937166
SRZ187136	19.471473053709744	4.074870800660523	24.64063851426197	36.44509425878057	15.367923372587192	8138393
SRZ187137	9.12004901678216	4.772918486930693	16.31485510320533	25.48532637806266	44.30685101501916	3087922
SRZ187138	17.576933320150744	9.627943703220739	26.31857061547547	31.802928316111352	14.673624045041699	4490772
SRZ187139	16.503421638747028	4.092526721982198	27.760502154003483	41.11864373678992	10.524905748477373	5632535
SRZ187140	14.670197705068958	3.1481497149916	31.999044598149247	41.154489256760016	9.028118725030179	17492116
SRZ187141	20.930008983309957	9.7772296732912	15.523396006367118	35.04026729287166	18.72909804416006	1269020
SRZ187142	18.143702113853603	4.215941786133206	26.66726819313607	44.50597444682648	6.467113460050643	7292558
SRZ187143	16.38613205415778	4.375501068150988	34.015017983639794	35.036953925085484	10.186394968965947	5245045
SRZ187144	19.972744081935666	10.33120270456978	22.952219840166485	28.12618372855406	18.61764964477401	3025398
SRZ187145	13.19656442054001	2.5917551935079066	27.728983591530426	54.05629812073772	2.4263986736839303	15473838
SRZ187146	32.650886891656036	4.565205088630713	22.221271636922943	33.09898896397036	7.463647418819941	7527526
SRZ187147	17.100276743473543	10.730745174715922	24.38125660504567	35.69340829367721	12.094313183087657	3384723
SRZ187148	17.916810874408892	3.5383992321817908	27.34656758545669	47.09053145122848	4.107690856724149	7029789
SRZ187149	22.41988158139288	5.629801430252652	26.58906469643873	37.02060489747288	8.34064739444286	2674073
SRZ187150	15.80080651766316	12.90980881533141	26.73787031076205	29.44751602599386	15.10399833024952	4541996
SRZ187151	14.383334371727802	4.402728900661826	31.129183641066557	41.452640168179705	8.632112918364106	9951260
SRZ187152	15.353733112881546	4.837021210301959	31.010165420021348	39.28570876319048	9.51337149360467	10347236
SRZ187153	16.854013823366717	9.65570980724925	24.619540365581496	29.081280200272303	19.78945580353023	7759036
SRZ187154	13.756878296980807	5.61084963896891	28.140326985670995	44.60949530472521	7.882449773654083	6682250
SRZ187155	14.50756983190875	3.737064719675979	27.462672604277934	45.92897439631697	8.363718447820368	10924483
SRZ187156	18.436632774458705	6.022735565301263	24.154234218606202	42.49616674582679	8.890230695807043	11990465
SRZ187157	15.1039619615496	3.9110049756086154	29.954766416718698	45.64946724669017	5.3807993994329095	10520723
SRZ187158	18.491805026062583	3.8306695349255055	33.25169284811715	35.94990435327314	8.47592823762162	5103677
SRZ187159	13.495311827417453	7.989139486927173	29.912057998930955	33.315748185326555	15.287742501397869	4304769
SRZ187160	17.36275835909296	6.189390237638341	28.77685334330792	44.212150466965994	3.4588475929947857	3037052
SRZ187161	17.294183875997344	5.944410146701739	23.72117405084031	47.24454834457877	5.795683581881837	9887272
SRZ187162	14.359877676550179	9.86105989223295	29.11186706839292	36.120970098091085	10.546225264732866	4829491
SRZ187163	14.994243136382465	9.092385693536734	30.721535207904267	39.86857029170599	5.323265670470541	3613947
SRZ187164	20.79700666013878	8.520515244244356	23.301909641886777	35.26669299182255	12.113875461907531	4244356
SRZ187165	13.740365609995457	9.784288122354017	29.19692067693117	33.228878116102045	14.049547474617313	7170537
SRZ187166	18.052496286124125	1.6781047638538344	25.29952131437346	53.38998560342578	1.5798920322228054	10720606
SRZ187167	10.715614045302505	2.6761460144476525	21.90992829378767	31.55090282769227	33.147408818769904	15938368
SRZ187168	13.283093164730886	8.489332828357082	28.259058237357358	35.77901281659538	14.189502952959295	7379885
SRZ187169	15.951184189372585	2.4362018656392457	25.82791579171155	54.18718223902459	1.5975159142520325	12116812
SRZ187170	16.5767535900013	4.562119362497851	29.410557620268047	34.250843156551355	15.199726270681445	6491084
SRZ187171	13.186723805059959	11.586077279026487	28.611018106554308	34.48085393059583	12.135326878763424	5175971
SRZ187172	15.998541840298298	6.958994286844667	26.709677026483536	43.37277764199411	6.9600092043793875	10838319
SRZ187173	13.531851856360595	3.3479391228461277	27.576372250572348	47.77197164463117	7.771865125589754	13143190
SRZ187174	22.672187120940652	10.103444992430937	23.261960600983972	31.080998190009765	12.881409095634671	7319929
SRZ187175	16.565503159622082	2.4624824156122176	25.659513416816843	53.35475330250124	1.9577477054476238	6510747
SRZ187176	12.419957241632396	3.258347289090922	19.614734969955563	26.50615544402207	38.20080505529904	9869881
SRZ187177	14.457715677030272	8.44458743764103	27.102438063576372	35.903911455418616	14.091347366333709	6011164
SRZ187178	21.473360221016826	3.7366353303607847	25.326147301097045	46.064525253496264	3.3993318940290775	5783813
SRZ187179	9.60007970335079	4.512399923952766	25.755272526961832	39.046842171116026	21.085405674618585	9846512
SRZ187180	13.336906805148622	11.399647033298113	26.97011336916507	34.703651732465	13.589681059923198	4535272
SRZ187181	18.07507544506458	3.966416994384871	28.157893223248674	42.177446428630894	7.623167908670983	6606794
SRZ187182	14.250314195338559	4.023739230985075	22.030721957421108	38.40309325606078	21.29213136019448	8043563
SRZ187183	14.073312493725616	9.550044483215808	27.788918250643647	35.89825412425655	12.689470648158377	6355206
SRZ187184	16.4421920353736	2.4523645758755244	23.52519010181002	56.07699348855872	1.5032597983821352	9809349
SRZ187185	13.546679027712743	10.326689271066916	24.85272237137571	34.95897560183627	16.31493372800836	5099892
SRZ187186	12.0346533561984	9.63737145406801	29.96071732731338	35.07325702758868	13.294000834831534	5351978
SRZ187187	15.784661087788905	3.8282375104488637	27.803898041701377	46.55282034529685	6.030383014764002	7695813
SRZ187188	17.82407964958644	7.515377497870624	22.05660485524538	35.68444355987474	16.91949443742282	7099497
SRZ187189	16.269866299432504	10.093617554353635	24.7284070342162	36.15195627530648	12.756152836691179	4566024
SRZ187190	17.463178779687556	3.425348207377671	26.161904945288484	48.497008257676626	4.4525598099696655	7738133
SRZ187191	9.295835577581	4.108698137404389	22.637678073409532	36.07700160060062	27.880786611004464	8913529
SRZ187192	17.488037653759083	12.256062792540439	22.466255471051745	32.31397857263505	15.475665510013682	1764286
SRZ187193	15.754988068622113	2.3630897544178606	26.862092472751705	53.373636274557896	1.6461934296504266	8582831
SRZ187194	14.500016668154998	5.2444579248267935	27.738038094247795	44.51134928628342	8.006138026486994	5789483
SRZ187195	15.237823127338718	7.9099675971748	26.626612004195156	40.45711065157751	9.768486619713812	18633869
SRZ187196	14.939859120307188	2.5880324202821723	28.54352593063993	52.17733436181725	1.7512481669534554	9201894
SRZ187197	10.387158757189388	4.010768615854087	29.65437523423097	49.043625490382844	6.90407190234271	8986856
SRZ187198	10.471821948240192	8.285852881972671	25.409279474573864	32.96008254945225	22.87296314576102	14879808
SRZ187199	16.424336149030527	2.3065823612557814	27.35478127990974	51.49812803323058	2.416172176573371	15145568
SRZ187200	15.637321396818267	3.8182408881794005	29.586080483236337	38.1521237183421	12.8062335134239	18698925
SRZ187201	12.537881002894693	10.641711909237587	26.93856449806754	38.71992050711102	11.161922082689163	9131886
SRZ187202	18.316968246994747	4.764185880549333	23.935644297434642	44.62047281935973	8.362728755661543	15464426
SRZ187203	17.556024321366106	4.744026084615216	24.06688439694819	45.06199986915186	8.571065327918628	15621162
SRZ187204	14.105134158184532	10.276719519200517	23.90325263987611	42.61958136868692	9.095312314051915	6604666
SRZ187206	14.150537541158423	4.931701254040735	35.315235345185634	42.76000462107925	2.8425212385359604	3228683
SRZ187207	7.643259984744065	3.6262541460407998	26.55194995647107	54.50845742241291	7.67007849033116	14176778
SRZ187208	6.315191183887303	2.6062983331888634	25.785620519324475	56.64061172006339	8.652278243535967	15678021
SRZ187209	11.563256461797621	4.388920095327111	21.19837505728242	54.80405146853707	8.045396917055779	16586677
SRZ187210	11.475427294926524	4.152641920351879	27.102000645660663	48.36765001062145	8.902280128439482	12300579
SRZ187211	9.744962077545292	5.952132643018332	25.704046883602704	48.45939138701417	10.1394670088195	6678497
SRZ187212	35.05028521365438	4.908013583808571	19.14918649084299	35.93011446606634	4.962400245627715	9800197
SRZ187213	17.30906604723581	7.979961452750142	21.871816026744924	42.1176684650223	10.721488008246826	9431023
SRZ187214	21.017526018217282	6.0647210112865135	20.116586398846064	43.09387788072242	9.707288690927726	11587458
SRZ187215	17.150307797771035	4.066883668031047	22.591840417455078	48.6405054713992	7.550462645343639	18314785
SRZ187216	15.665970532039195	5.578306562741476	23.612320930252103	47.1694076501974	7.9739943247698255	11185097
SRZ187217	17.23902838407064	6.422406628773628	24.349027444608957	43.25442280281805	8.73511473972873	11762055
SRZ187218	9.829811832919635	2.811627744019553	27.49095827907438	54.379505155641674	5.488096988344759	14684981
SRZ187219	11.43819219567637	3.7854729093847403	22.31184417457127	55.012173553397034	7.452317166970587	12166538
SRZ187220	17.119426351799213	9.21919739313591	23.149779685357636	39.12979460740025	11.38180196230699	3939139
SRZ187221	16.378755622342553	8.800951678733455	26.500320660285105	37.89212114216551	10.427850896473384	3707974
SRZ187222	16.983321147394268	9.076501885966415	24.453475524131882	39.31057987696917	10.176121565538264	5372312
SRZ187223	19.757997532754157	12.0159377484994	20.317250649894437	35.70877810997062	12.200035958881381	2486173
SRZ187224	13.862421355964244	6.903282252875851	24.00589989762429	47.000317491591176	8.22807900194444	7014359
SRZ187225	12.252320772448805	5.907308329696826	25.043041192110856	48.172507659678146	8.624822046065367	6952642
SRZ187226	12.83306850858927	4.865302154149767	24.86677743354592	49.081094415462864	8.353757488252182	8269620
SRZ187227	11.335808636803336	6.76366394433259	33.16704482225551	37.45041925353143	11.28306334307713	5869718
SRZ187228	13.249114268099595	8.555733500940354	17.896946355472547	48.3336260612469	11.9645798142406	6160442
SRZ187229	9.490698644769148	3.80436551350944	16.850992262372674	63.87785623408408	5.976087345264659	8572783
SRZ187230	15.933807320464803	2.906392135384898	25.681255682259316	49.50470231396082	5.973842547930162	14258193
SRZ187231	24.29564523281828	15.499451562183403	17.859188933076755	34.00708487458473	8.338629397336838	7664497
SRZ187232	15.685681704002192	4.691595733119481	24.769011816884515	45.90038721564218	8.95332353035163	14050827
SRZ187233	17.80370015902151	7.470604082565393	23.292012549805598	42.465949794488026	8.967733414119476	7631672
SRZ187234	12.914416681616858	5.326165562307411	21.019378004856947	55.98702919866421	4.753010552554573	13299718
SRZ187235	12.131498655063524	5.93420816381377	21.35391131645301	55.6542157513418	4.926166113327895	11244769
SRZ187236	14.865162576637983	7.069613507453536	12.31335964584974	16.980947276848863	48.77091699320988	3808327
SRZ187237	12.076471852902234	10.999249285411349	28.724102402639133	27.791830016600308	20.408346442446977	4255945
SRZ187238	7.897537363805644	8.621404656690709	29.83539101937089	36.16591859963552	17.479748360497243	5647444
SRZ187239	18.757000911932906	6.426449257590515	22.38044519543493	31.841048392505535	20.595056242536113	7991816
SRZ187240	19.61122023577808	4.424705512583159	25.843375638165178	28.59677831408345	21.523920299390127	14244157
SRZ187241	14.50162609367185	10.540990220224947	20.580170791957375	26.996207035222106	27.381005858923718	4652561
SRZ187242	13.452364460757298	7.950293163883994	23.40128004817229	31.908500959199806	23.287561367986616	4663262
SRZ187243	9.157447982689815	3.3092329307072816	26.4757181779793	49.23030642374337	11.82729448488023	12292879
SRZ187244	14.138219131065249	4.2483813159911685	17.143538316059686	30.9618012162279	33.508060020655996	9588499
SRZ187245	11.305654688888792	4.445814996308615	18.787949288605542	25.626921800667784	39.83365922552927	12301614
SRZ187246	7.3512430362829155	5.83097686041794	13.517204872564244	44.941568731723535	28.359006499011365	16378645
SRZ187247	11.115233623697657	8.249820625233596	22.251892187808338	31.585454684341332	26.79759887891908	5498265
SRZ187248	9.446971007701153	8.81374669377453	15.242316711388753	22.187112811556158	44.30985277557941	8606113
SRZ187249	10.368386026257458	5.250657876166782	18.38263528966916	27.44007127473299	38.55824953317361	10557458
SRZ187250	10.548384744403121	4.0054175657997675	19.60495318345328	25.980795441356666	39.860449064987165	5841738
SRZ187251	19.807906127439267	4.1897004683323	25.094334920089647	36.75245973747511	14.155598746663681	16089217
SRZ187252	17.890496773299105	3.464874129595757	26.1866455280117	39.579690344047265	12.878293225046175	3577648
SRZ187253	16.646153084522165	10.923346939641505	21.774910093460367	21.23479898771896	29.420790894657	4241905
SRZ187254	30.427509138206485	8.782179430343843	20.371782325058277	22.466829967269103	17.95169913912229	4662567
SRZ187255	11.806357120131013	8.81306604763207	28.727601246123548	33.89924597953129	16.753729606582084	7068641
SRZ187256	12.110763678117523	9.475961167940604	28.12447664958751	33.844489915735714	16.44430858861865	5774095
SRZ187257	12.35743245726138	9.320673365480015	30.277302563976935	32.05533257934256	15.989259033939112	7347570
SRZ187258	17.9354630613373	4.249619801911564	27.8683612593513	42.00818835741073	7.9383675199891055	10559627
SRZ187259	15.45207785004201	3.9444945995057195	32.052424496660635	40.57257357477865	7.97842947901299	6675963
SRZ187260	18.41987034608509	10.083351348681058	24.546317210470164	36.78679201117275	10.163669083590934	13076813
SRZ187261	11.1257655859242	3.597941683272282	16.93944205925222	27.94221642253406	40.39463424901724	10090964
SRZ187262	11.050610146890143	8.19409485540324	26.297220695651436	38.00110536843275	16.456968933622424	8978002
SRZ187263	8.000904721677372	7.224045055221372	28.409621230147323	39.14113023920702	17.22429875374691	9775382
SRZ187264	8.537048694197976	5.732030964832508	27.42180921692628	40.94109791694105	17.368013207102187	7509293
SRZ187265	14.100779233481212	2.7218411040185257	37.59071827324672	38.36287105537565	7.223790333877885	1963083
SRZ187266	9.133500788725891	6.082038485426434	44.757638549184065	28.332792859145098	11.69402931751851	909695
SRZ187267	18.971281782557185	22.318987514809077	13.94986557914882	15.724391688690423	29.035473434794497	351136
SRZ187268	16.95015281808349	13.156768768591542	19.56837545241076	21.383352646028374	28.94135031488583	1762226
SRZ187269	14.405645070891058	8.270827650641735	23.530440813592328	32.117933720180254	21.675152744694625	7431191
SRZ187270	13.041521700903708	6.604649318922585	30.720410499079964	28.45572604296848	21.177692438125263	5095456
SRZ187271	10.306002477249617	6.300779516507448	32.870703731810565	32.79638022395769	17.726134050474677	6645273
SRZ187272	11.435802905291865	4.754765781538634	32.987421178672975	31.73577044465853	19.086239689837996	7670830
SRZ187273	14.343417522435008	5.115850751154665	24.215945401624	33.37741340905371	22.947372915732615	7025850
SRZ187274	12.045050960990235	3.4839506579397197	19.95098836776083	19.4252896338528	45.09472037945642	3583231
SRZ187275	7.068525030426797	3.4094207876713702	17.289508297037983	36.4801842273126	35.752361657551255	5742471
SRZ187276	13.073375064819947	7.970579435701957	24.135091233935466	31.917876750472967	22.90307751506966	8971004
SRZ187277	14.972863765924801	6.927017597356886	24.365458996072608	38.629595034346934	15.105064606298772	10638359
SRZ187278	8.524064992748213	6.003413089844309	26.163329655710736	41.937706994879335	17.371485266817405	11663332
SRZ187279	9.181391872500619	3.6174576096648607	27.22833288154837	42.72388814997877	17.24892948630738	8768921
SRZ187280	7.7644213541067995	3.319157515924499	30.749132809452224	46.67021718756469	11.49707113295179	7995071
SRZ187281	5.494914873855249	3.7636057900657915	36.50643633696639	43.16521203473689	11.069830964375686	7298639
SRZ187282	5.855058358987244	3.298692404663415	28.388267011053916	55.415735894050535	7.042246331244889	15083795
SRZ187283	18.939642629859023	4.539446196152447	29.23693482825381	39.01228972465701	8.271686621077711	9827234
SRZ187284	17.228595959520604	3.300838826502904	32.32885606589507	38.19995425024679	8.941754897834631	11930119
SRZ187285	15.178756883937522	3.43463706154762	27.7529565174814	31.687927306650586	21.945722230382874	7760820
SRZ187286	22.343284040580237	8.595563110123557	20.349749460462096	31.040821772093647	17.670581616740463	1660217
SRZ187287	13.51313077562069	9.025599470335274	16.633375786735826	26.98997750434848	33.83791646295973	4371067
SRZ187288	16.902226623169632	9.43866443303514	24.598149793479514	27.355283058537875	21.70567609177784	2948860
SRZ187289	15.354402632321928	10.88794213907693	27.17421181398711	28.621518630902987	17.961924783711044	5358919
SRZ187290	11.281721018016645	13.135064375200432	33.61452687250608	31.082838712390846	10.88584902188599	1902130
SRZ187291	18.74525532819724	3.20925964559079	25.649770841080567	45.80746309060513	6.588251094526273	13819449
SRZ187292	15.980197604142615	3.5350764307247156	24.320767380515264	50.04425829015418	6.11970029446322	9289785
SRZ187293	10.110700662779399	2.553671186577275	19.291229505195275	35.377160921848414	32.66723772359964	5980723
SRZ187294	9.56380976717897	3.6173666167862426	22.273995118792648	33.1752860183944	31.36954247884774	9235420
SRZ187295	12.68334031941086	7.389035122203298	19.521592767793877	26.829849861235115	33.57618192935685	6219513
SRZ187296	11.095368572756305	6.908632617270707	25.06905229879306	38.30288766372811	18.624058847451817	13959347
SRZ187297	8.99778206470882	7.257577709451793	27.874003221911018	37.28145110063407	18.589185903294297	9881713
SRZ187298	9.192281925592189	6.174322025417792	27.101108180306365	42.24740524474002	15.28488262394363	13090830
SRZ187299	19.703004558494012	5.541857818460589	24.827177402328843	25.348487227097284	24.579472993619273	4802902
SRZ187300	15.860617112899742	7.63139314199364	16.558963058580325	25.789914123828105	34.15911256269818	4848027
SRZ187301	8.330761951560746	6.1326489666907715	21.32861400734292	15.043827932716345	49.16414714168921	4660270
SRZ187302	10.10413965555834	7.820443812181469	27.19038619434194	41.13661385790284	13.748416480015415	8345332
SRZ187303	8.22816460477477	7.614068791975043	28.956029506740553	43.6604007530818	11.541336343427831	5255206
SRZ187304	6.205436932903902	5.472380638612744	29.353144712440848	48.7152059956611	10.253831720381406	9791881
SRZ187305	5.8871716993314305	4.242437707118614	36.75740849124021	42.96360064996419	10.149381452345553	11657873
SRZ187306	15.292443522982976	3.3941146261083133	25.78661849305378	50.626997699668095	4.899825658186839	15754683
SRZ187307	12.223746923210543	3.632774439766865	23.768680230251896	35.37456558506475	25.000232821705946	7409103
SRZ187308	17.387496001995512	4.658881456966906	26.921439439411493	34.890304467386905	16.141878634239184	6590788
SRZ187309	10.106307463461311	4.170152648042705	20.478859055825588	35.18873671492898	30.05594411774142	5205373
SRZ187310	10.772931620409041	4.4935067692560855	21.001187136460786	38.05803660293186	25.674337870942228	5274878
SRZ187311	12.114906617658816	7.115952575997826	24.072529645287315	38.211970230030225	18.48464093102582	7567223
SRZ187312	8.761955037257655	6.3184444743554256	26.781268010551752	43.48715684590958	14.65117563192558	8566159
SRZ187313	8.700117850457135	5.3594129739748375	26.274964817133018	46.53391336842933	13.13159099000568	9055544
SRZ187314	15.219776924197651	5.8774128265802705	18.383317561113806	35.15568383417352	25.363808853934753	9519903
SRZ187315	24.046789158004522	9.212400600179123	19.00885147892976	30.16171493042497	17.570243832461625	2579230
SRZ187316	15.48959516741794	7.157979685075921	26.950867934669745	31.100737836088	19.30081937674839	2619552
SRZ187317	16.97589531918262	7.520002454402957	24.471639294141333	39.37604773654375	11.65641519572934	15058652
SRZ187318	12.862402840503048	7.399610430731859	27.816690046704526	36.73170597813354	15.18959070392703	6120606
SRZ187319	8.632037451591627	6.449847989173702	25.791174783270332	47.53173728388972	11.595202492074625	7265272
SRZ187320	7.007280297592189	5.238154927646098	28.417798324694264	48.122699355188786	11.214067094878663	10187633
SRZ187321	23.934808008077095	5.5310127268154785	23.331419653370236	32.559529933160775	14.643229678576414	11654683
SRZ187322	19.64144749253363	4.279175078125372	22.871383530647748	38.2672743064141	14.940719592279152	10919628
SRZ187323	18.2232834330601	4.207112776912905	21.3854171021771	42.002132668980096	14.182054018869795	9758664
SRZ187324	17.26471314419877	4.155701798075862	30.604002187912922	36.741122664230524	11.234460205581925	7278169
SRZ187325	15.32978516351438	14.909242462686644	18.09281286715966	21.358311144534422	30.309848362104894	1962702
SRZ187326	16.38194267251204	10.944464991619745	21.65769461465454	27.480892816440416	23.535004904773256	3452759
SRZ187327	10.56947144202383	10.0341526999033	25.34735791348639	33.46154311458331	20.58747483000317	3554331
SRZ187328	11.508561913465176	10.220661541324514	27.05447365346635	33.014565619633366	18.2017372721106	4331158
SRZ187329	16.109232872579607	5.164013322191601	23.54467507404543	40.50880045205424	14.673278279129125	8352980
SRZ187330	16.475561895350125	5.452764510040317	24.027644616109033	39.08206613160928	14.96196284689124	7227013
SRZ187331	18.028815809908174	5.608918166496617	23.936301652297182	37.16616739629759	15.25979697500044	7842778
SRZ187332	14.436155724135537	5.090024760951868	21.402310496129097	40.02422964612407	19.04727937265943	9504885
SRZ187333	18.8338816842839	14.57510124261439	22.884033082765	28.9797395618455	14.727244428491213	2685628
SRZ187334	15.202516007367546	12.19511238748312	26.81643822152095	29.276033571163055	16.50989981246533	3825426
SRZ187335	15.805358793730598	7.616211008604511	26.289059098385525	36.53157492829574	13.757796170983625	6166649
SRZ187336	9.091820794906376	5.714564824363977	27.362480083923465	40.84890871672131	16.982225580084872	6541198
SRZ187337	17.422431284549184	4.3360051523324366	19.856631551946382	26.61301499103601	31.771917020135987	5418905
SRZ187338	17.40055908868807	4.5248056359328315	21.31882362385653	24.179955942954077	32.57585570856849	5319013
SRZ187339	16.212923310886737	3.1473006836349846	12.903671362565618	24.409566133459624	43.32653850945304	6349441
SRZ187340	10.831181617696469	14.010417833310594	43.78931377919325	16.98179628207974	14.387290487719948	3928648
SRZ187341	8.217789912981708	6.315685491031788	30.258146865565617	35.218633457645176	19.989744272775706	4504800
SRZ187342	8.272997957480957	5.672987445059643	29.552063506869718	40.72821097097017	15.773740119619509	5403132
SRZ187343	9.000509001664787	5.047237392323793	28.83758284583789	42.565602589080235	14.549068171093298	6575617
SRZ187344	7.423717606630843	4.500054239782755	28.414414192465003	44.83957143816486	14.822242522956541	5033206
SRZ187345	14.76308557876399	3.209200647262405	26.436398686548266	51.68877770254512	3.902537384880221	16653524
SRZ187346	14.756447623717436	3.92405679637941	29.291256847405716	46.31411817031966	5.714120562177776	14047656
SRZ187347	15.637899372127098	3.4588772593835238	23.534791843521184	39.529189794653405	17.839241730314786	5980669
SRZ187348	13.547308906410022	19.37785490463511	17.86953422492681	35.00395487757246	14.201347086455602	6218903
SRZ187349	13.124464273940086	11.289320155998544	26.01204910486433	26.750313193696563	22.82385327150047	3275928
SRZ187350	15.293169894125638	2.992076777561342	29.269416015586682	47.197127125900586	5.248210186825752	19317519
SRZ187351	17.986141734135312	2.4675444940292453	26.4601008942903	49.42162171696682	3.6645911605783197	6803160
SRZ187352	21.376540013324	5.552645689728864	25.584761754048596	42.84826961103956	4.637782931858981	7077455
SRZ187353	8.7681289907853	3.991860850770863	16.288332960515426	30.550935884178486	40.400741313749926	8391049
SRZ187354	19.4439914828559	10.250264157772648	21.177142961275397	26.55351948012368	22.575081917972373	3182757
SRZ187355	19.109209642876696	5.860460733491496	22.318542761563876	42.57508833293002	10.13669852913791	9827026
SRZ187356	9.900605088321969	7.030300916641964	23.917418909833508	46.70328584465331	12.448389240549249	5161230
SRZ187357	13.54974504011196	6.355041436957963	19.695579637310207	50.90736086444262	9.492273021177247	62226455
SRZ187358	13.39383744540804	6.4114927427597035	23.432344939857348	50.3128236208668	6.449501251108105	23607872
SRZ187359	13.55908603274598	8.741958315196342	24.376487376082935	45.362714116462904	7.959754159511838	7002264
SRZ187360	12.815857491670968	6.357905460845857	25.716238226902927	47.64107222826152	7.468926592318723	18127558
SRZ187361	13.308801930784718	2.066423618271302	24.09853723576642	57.34962343050558	3.176613784671979	30778781
SRZ187362	15.176972860647325	3.460876702737079	21.109090400929276	34.8220415732381	25.431018462448215	10197185
SRZ187363	13.551336592799542	8.303942337849252	21.024365183359404	41.519442311873576	15.600913574118222	5197170
SRZ187364	8.664360782515274	35.24662911278799	18.937826737058334	24.795724657579672	12.355458710058729	4613993
SRZ187365	15.11452558556911	13.900224262158899	22.396226444336644	32.2485729828417	16.34045072509365	2580908
SRZ187366	15.67546275199807	3.0160986603466835	24.48642504504151	54.708576528413396	2.11343701420034	13759530
SRZ187367	17.646882069947743	3.196640142784359	27.26682401593773	48.57101298822859	3.3186407831015816	3760636
SRZ187368	16.956075456414172	3.032306972693108	24.582161719454255	48.97124236770844	6.458213483730025	4463928
SRZ187369	22.094819761341228	7.694771265672577	23.506773299915668	29.563742835623287	17.13989283744724	1864084
SRZ187370	13.211692305830114	10.441129447935065	24.652254871205695	32.22926566517415	19.46565770985498	3965548
SRZ187371	15.256978567804985	3.87743328344687	24.921979891431025	41.037228620878096	14.906379636439025	13274142
SRZ187372	16.93081350976664	6.641924225698914	26.424638897580373	35.77013015280341	14.232493214150661	6804233
SRZ187373	18.488295116192894	2.9064030489409003	27.917453339211328	42.00151184431354	8.686336651341339	10327783
SRZ187374	20.899493142752892	9.451150542154817	20.474304161940495	35.117037225055725	14.058014928096073	6303550
SRZ187375	17.106310590575216	3.864756466193305	24.94559749485294	37.89169959990013	16.191635848478413	7998253
SRZ187376	13.850929501810215	4.302843451945348	24.39070957083753	32.56586939877644	24.88964807663046	8280780
SRZ187377	27.039068315524073	17.504766478568857	13.703301716892785	26.27494297034458	15.477920518669709	2082250
SRZ187378	19.39499441634369	3.9698572722132273	25.391042707564534	39.994719033248195	11.249386570630355	7763730
SRZ187379	12.9657813748901	5.850173897503724	13.190240199387706	17.919922246090863	50.07388228212761	4605299
SRZ187380	15.596180338134001	7.50457107075767	22.346806512210396	44.57062199958255	9.981820079315384	9582000
SRZ187381	22.41923276974042	4.239616991525719	28.58580644904641	36.69757626206722	8.05776752762023	10055130
SRZ187382	13.158795102070988	6.522189198753416	19.546701070344984	25.67902686738476	35.09328776144585	8008446
SRZ187383	15.803664171988462	5.175136189870013	21.751515696439544	37.12450676276265	20.14517717893933	5071596
SRZ187384	17.883096934630178	3.6159881854842792	26.479780799215465	44.74422663094002	7.276907449730058	9287558
SRZ187385	18.35305309651757	3.3365591620697135	26.897623872581704	47.17969138195716	4.233072486873851	7913212
SRZ187386	17.285472101486913	6.76870776507232	24.224058009981434	43.07725832738993	8.644503796069408	9164216
SRZ187387	13.905831429440141	3.9570373988324947	13.474496308211169	19.594454855759754	49.06818000775644	5347814
SRZ187388	11.276500128399007	4.532377949610523	13.730918480897081	22.92225440123263	47.537949039860756	2803760
SRZ187389	17.149849586205516	3.4945532923212568	27.491486779616864	45.705551533945176	6.15855880791119	6387712
SRZ187390	16.647991787311106	5.1518845113928275	24.75004691016914	43.66738609977892	9.782690691348003	5792987
SRZ187391	6.088118714367226	6.527602588065672	9.702397409221131	13.24748954536834	64.43439174297764	3685687
SRZ187392	18.79043757387019	8.878602995866549	25.111876030575207	42.1244311749574	5.094652224730656	7623170
SRZ187393	21.062287240999197	3.847587018664873	25.885499691721318	38.32254544775143	10.88208060086318	6690375
SRZ187394	20.844344794624533	28.43745021413778	19.628281181178366	18.010884946629556	13.079038863429766	853656
SRZ187395	19.624502325164137	4.343142350361134	26.995404278224	28.864214119874912	20.172736926375816	4102076
SRZ187396	13.678015422156463	9.670537453180225	10.237058917704516	13.386101058579916	53.02828714837888	4547224
SRZ187397	7.981230659363852	6.978364401692694	27.1513814126068	44.80277441184158	13.086249114495072	8026494
SRZ187398	15.970483195727992	3.0068721637208813	24.965827962424026	47.001720934979005	9.055095743148094	5614971
SRZ187399	21.85611245274457	5.912323422491319	20.098223761554497	27.30166492548874	24.831675437720875	6752134
SRZ187400	11.715973781399619	11.377984822171179	25.090433486030967	33.961275420277616	17.854332490120623	2320490
SRZ187401	10.649876388019818	4.754947036055277	22.502819506054152	51.100792808841675	10.99156426102908	6453258
SRZ187402	10.07035904831421	5.214195357295473	22.136355551488144	54.61776805371149	7.961321989190689	10839544
SRZ187403	16.044442024278585	7.961158930995453	12.228503416971673	36.2035791660022	27.562316461752086	12854950
SRZ187404	12.092447482340782	6.795654595602393	15.477079487444364	44.559254881272594	21.07556355333987	15217548
SRZ187405	7.4127324980128115	4.091402681314432	26.23597192465984	50.09223265204175	12.167660243971168	9744922
SRZ187406	33.02353628326789	3.565981068016481	18.96874170619881	31.796596767051266	12.645144175465553	8240341
SRZ187407	31.21787494463697	14.650850990434385	14.203994557991457	22.14280589926098	17.784473607676205	2327817
SRZ187408	18.610031981944815	7.603991095405391	25.741273433129155	32.22367318730819	15.821030302212455	4520363
SRZ187409	7.347170260849448	5.112033090635459	14.72690878247978	22.424745860279327	50.389142005755986	8109122
SRZ187410	9.883331685941155	5.997594807419854	23.676583967579322	45.74303976804718	14.699449771012487	6070200
SRZ187411	19.54460009714614	6.983347097106577	18.636317336208993	37.76482636179278	17.07090910774551	4751604
SRZ187412	6.100601388793928	3.2348987448417477	13.512843998854066	31.048387415757258	46.103268451753	8848685
SRZ187413	19.102825720896373	20.47237307128696	14.169698583512346	17.52541817409049	28.729684450213835	2343402
SRZ187414	14.812019921996013	6.277934752055093	24.40454761043924	40.25891830131596	14.246579414193691	3902621
SRZ187415	12.67611949137486	3.0960820974441843	22.24488794511045	48.542296596475495	13.440613869595012	5910050
SRZ187416	12.094108217111586	2.3217725445259947	29.937358089047756	41.37546903818772	14.271292111126948	3543155
SRZ187417	15.109385587214174	10.722673307730153	17.282757516008346	33.38624318445605	23.498940404591284	3933105
SRZ187418	10.874211277979784	2.5714926118694623	31.486535995284314	49.97230475023207	5.095455364634368	5737446
SRZ187419	9.825265274529471	3.7004738386897102	26.122167612237035	46.07820664042048	14.273886634123302	4192355
SRZ187420	28.330376835306957	11.4764538741772	17.944983785509667	27.183680404961436	15.064505100044741	2918994
SRZ187421	14.921908355559726	2.8329417678565703	25.793355636382557	44.31829743583073	12.133496804370418	8609884
SRZ187422	13.807255594043353	4.703213920582595	22.957254261058043	35.86924747089287	22.663028753423138	12903368
SRZ187423	10.897301847562446	2.729287014850028	28.988755589239357	39.24448535043216	18.140170197916014	6006184
SRZ187424	12.607446159910685	3.730230908533407	12.372809797547045	14.726420452439848	56.56309268156902	7285742
SRZ187425	8.992049974171222	5.076303269598263	13.043013947540485	18.50058521148893	54.3880475972011	4429168
SRZ187426	13.80830705841951	17.61548869530352	26.451097177435553	27.662752781075838	14.462354287765582	2763409
SRZ187427	10.79445465566462	10.2097039781601	25.914599899986438	39.420986373360115	13.660255092828727	4807348
SRZ187428	7.695163513362788	5.934433913960452	27.562935837086332	46.04043616045186	12.767030575138563	8759437
SRZ187429	13.037716112034557	3.7267391915439436	22.256281687967174	35.39498197245514	25.584281035999183	10160008
SRZ187430	24.957127944538215	7.185054922409354	20.55656551091961	34.919465876545445	12.381785745587374	12733236
SRZ187431	3.0817904474604747	2.1257078324672882	10.53939420257637	79.23331456890892	5.019792948586938	37651035
SRZ187432	3.9977192538099917	5.351387842105506	14.096126310662703	69.28274317013445	7.272023423287346	11678634
SRZ187433	0.9625947319201499	1.327005392415357	6.706148146535343	89.23843616945386	1.7658155596752902	28246155
SRZ187434	3.54187995355716	2.4134162629062836	15.564199451678949	72.61849837115096	5.862005960706645	29018036
SRZ187435	15.313717587311073	4.570973937895396	19.503033810364734	29.20038205239707	31.41189261203173	16975682
SRZ187436	19.333890372737056	4.217767421509581	22.354221856617784	26.716985362721932	27.377134986413644	5869124
SRZ187437	13.31748015824618	4.355775868548344	17.112128194556576	21.425286508360994	43.78932927028791	5042523
