	Eukaryote	EukaryoteVirus	Plasmid	Prokaryote	ProkaryoteVirus	TotalCnt
SRZ187075	13.04945054945055	6.593406593406593	13.289835164835164	36.98489010989011	30.082417582417584	2912.0
SRZ187076	16.480255649395115	6.939055010271628	19.401963022141064	43.59735220269345	13.581374115498745	4381.0
SRZ187077	14.228322731837965	3.5821894877803815	29.142952795446938	48.97890860395045	4.067626380984265	5974.0
SRZ187078	10.75396488847426	5.521160206937495	19.557289458061234	36.93495038588754	27.23263506063947	11791.0
SRZ187079	18.668252080856124	4.399524375743163	22.05707491082045	50.65398335315101	4.2211652794292505	1682.0
SRZ187080	17.710371819960862	6.262230919765166	18.59099804305284	45.98825831702544	11.448140900195694	1022.0
SRZ187081	10.101867572156197	12.308998302207131	24.95755517826825	41.59592529711375	11.03565365025467	1178.0
SRZ187082	10.952920239443456	4.578547160653616	30.237825594563986	44.976541012781105	9.254165992557839	6181.0
SRZ187083	17.06881143878463	5.361930294906166	22.5201072386059	44.23592493297587	10.813226094727435	4476.0
SRZ187084	15.981611681990264	7.247160627366144	23.93185505678745	40.94104921579232	11.898323418063818	3698.0
SRZ187085	15.132024373730534	4.316181448882871	23.984427894380502	50.03385240352065	6.533513879485444	5908.0
SRZ187086	16.001183081928424	4.406980183377699	24.46021887015676	40.57971014492754	14.551907719609583	3381.0
SRZ187087	15.959409594095941	8.763837638376383	25.276752767527675	38.038130381303816	11.961869618696188	3252.0
SRZ187088	15.528596187175044	4.679376083188908	22.14904679376083	46.79376083188908	10.849220103986136	2885.0
SRZ187089	10.96859796550199	5.970809376382132	21.318000884564352	45.378151260504204	16.364440513047324	2261.0
SRZ187090	12.432847275518036	4.604758250191865	31.197237145049886	40.29163468917882	11.473522640061397	2606.0
SRZ187091	15.626154414480975	4.396010343553749	21.795345400812707	50.794237162910974	7.388252678241596	2707.0
SRZ187092	13.087774294670846	4.467084639498433	14.0282131661442	30.015673981191224	38.4012539184953	1276.0
SRZ187093	18.21821821821822	17.71771771771772	18.01801801801802	35.33533533533534	10.71071071071071	999.0
SRZ187094	11.448516579406633	4.0837696335078535	28.027923211169284	50.40139616055846	6.038394415357766	2865.0
SRZ187095	4.879385964912281	3.7828947368421053	13.651315789473685	29.111842105263158	48.574561403508774	1824.0
SRZ187096	16.917922948073702	9.966499162479062	24.036850921273032	32.914572864321606	16.164154103852596	1194.0
SRZ187097	12.703101920236337	4.529788281634663	24.372230428360414	51.40324963072378	6.9916297390448054	2031.0
SRZ187098	4.767184035476719	3.3259423503325944	11.529933481152993	26.829268292682926	53.54767184035477	902.0
SRZ187099	17.25219573400251	8.782936010037641	25.533249686323714	31.242158092848182	17.189460476787954	1594.0
SRZ187100	13.016608729239088	5.368868288914639	24.526844341444573	45.77056778679027	11.317110853611434	2589.0
SRZ187101	10.835665733706517	4.638144742103159	23.51059576169532	34.186325469812076	26.829268292682926	2501.0
SRZ187102	13.982232522209348	7.145616067979915	25.18346852066435	40.51757435303206	13.17110853611433	2589.0
SRZ187103	14.255543822597676	4.399859204505455	22.9848644843365	47.76487152411123	10.594860964449138	2841.0
SRZ187104	14.040816326530612	4.326530612244898	22.73469387755102	38.0	20.897959183673468	2450.0
SRZ187105	18.78062057702776	10.669569951007077	23.189983669025587	31.627653783342407	15.732172019597169	1837.0
SRZ187106	12.309074573225516	5.166217430368373	25.247079964061097	43.26145552560647	14.016172506738544	2226.0
SRZ187107	13.327247832040165	5.066179826563213	24.509356458238248	39.160200821542674	17.9370150616157	2191.0
SRZ187108	15.033490449020094	7.219052344331431	29.099479037459687	35.62391466137435	13.024063507814438	4031.0
SRZ187109	14.900947459086995	5.340223944875108	24.289405684754524	44.27217915590008	11.19724375538329	1161.0
SRZ187110	17.336209220814236	3.8285252089512	28.06686438393098	39.49851712051766	11.269884065785925	3709.0
SRZ187111	15.618881879486622	7.831194257124212	27.996519469219056	35.414400696106156	13.139003698063954	4597.0
SRZ187112	13.446676970633694	3.091190108191654	29.057187017001546	50.92735703245749	3.4775888717156107	1294.0
SRZ187113	17.561381606325426	4.411152725759467	24.55264253017062	46.81647940074907	6.658343736995422	2403.0
SRZ187114	22.906574394463668	6.0899653979238755	22.560553633217992	34.67128027681661	13.771626297577855	1445.0
SRZ187115	18.828451882845187	8.427973699940226	24.028690974297668	41.123729826658696	7.591153616258219	1673.0
SRZ187116	9.398007795582503	4.287570376786488	24.51277609354699	45.084452143785185	16.71719359029883	2309.0
SRZ187117	18.681318681318682	4.3171114599686025	30.062794348508636	34.301412872841446	12.637362637362637	1274.0
SRZ187118	17.18938480096502	3.9806996381182147	26.537997587454765	46.92400482509047	5.367913148371532	1658.0
SRZ187119	14.380321665089877	3.7842951750236518	24.12488174077578	44.654683065279094	13.055818353831599	1057.0
SRZ187120	28.688524590163933	11.475409836065573	21.311475409836067	28.688524590163933	9.836065573770492	122.0
SRZ187121	18.085106382978722	5.851063829787234	27.30496453900709	37.5886524822695	11.170212765957446	564.0
SRZ187122	13.197969543147208	3.553299492385787	23.223350253807105	32.868020304568525	27.15736040609137	1576.0
SRZ187123	12.67637687756031	6.486117432862995	31.543013199817935	39.0760127446518	10.218479745106965	4394.0
SRZ187124	13.120074177097822	3.1061659712563747	31.803430690774224	49.55957348168753	2.410755679184052	2157.0
SRZ187125	10.358565737051793	4.581673306772909	24.252988047808763	38.69521912350598	22.111553784860558	2008.0
SRZ187126	9.870450339296731	14.18877236273905	21.406539173349785	48.611967921036396	5.922270203578038	1621.0
SRZ187127	20.04950495049505	2.9702970297029703	22.02970297029703	51.113861386138616	3.8366336633663365	808.0
SRZ187128	4.53257790368272	3.3994334277620397	19.546742209631727	22.379603399433428	50.141643059490086	353.0
SRZ187129	8.526187576126675	5.115712545676005	18.514007308160778	28.989037758830694	38.85505481120585	821.0
SRZ187130	14.142538975501113	7.349665924276169	27.338530066815146	34.24276169265033	16.92650334075724	1796.0
SRZ187131	15.485232067510548	4.0928270042194095	23.755274261603375	35.73839662447257	20.928270042194093	2370.0
SRZ187132	13.513513513513514	10.378378378378379	18.054054054054053	44.21621621621622	13.837837837837839	925.0
SRZ187133	15.483870967741936	5.689149560117302	17.653958944281523	47.74193548387097	13.43108504398827	1705.0
SRZ187134	13.410852713178295	5.891472868217054	24.88372093023256	37.2093023255814	18.6046511627907	1290.0
SRZ187135	15.891891891891891	9.135135135135135	26.594594594594593	31.405405405405407	16.972972972972972	1850.0
SRZ187136	18.037624492807083	5.8281077093323495	21.17299889339727	37.03430468461822	17.926964219845075	2711.0
SRZ187137	13.283884018880647	5.259608900876602	17.9366149696561	28.523263654753876	34.99662845583277	1483.0
SRZ187138	15.041986126323476	7.776560788608982	25.593282219788243	36.25410733844469	15.334063526834612	2739.0
SRZ187139	12.014134275618375	5.229681978798586	23.74558303886926	43.60424028268551	15.406360424028268	1415.0
SRZ187140	10.931380895624041	2.6902775412906523	37.64685850502298	40.50740677677507	8.224076281287246	5873.0
SRZ187141	26.95924764890282	8.77742946708464	15.047021943573668	21.9435736677116	27.272727272727273	319.0
SRZ187142	15.057528764382191	4.502251125562782	26.21310655327664	47.2736368184092	6.953476738369185	1999.0
SRZ187143	12.333071484681854	3.613511390416339	34.878240377062056	35.03534956794972	14.139827179890023	1273.0
SRZ187144	21.516164994425864	7.6923076923076925	24.414715719063544	30.211817168338907	16.16499442586399	897.0
SRZ187145	12.294211364843335	2.5225703664365375	29.739776951672862	52.708443972384494	2.734997344662772	3766.0
SRZ187146	28.973747016706444	5.298329355608592	19.522673031026255	34.988066825775654	11.217183770883056	2095.0
SRZ187147	17.24137931034483	7.482108002602472	21.860767729342875	40.46844502277163	12.947299934938192	1537.0
SRZ187148	16.27906976744186	5.344757241942064	25.37739698082415	48.388412892696856	4.610363117095063	2451.0
SRZ187149	23.46311475409836	5.532786885245901	22.438524590163933	37.5	11.065573770491802	976.0
SRZ187150	14.429109159347552	10.664993726474279	28.983688833124216	34.00250941028858	11.91969887076537	1594.0
SRZ187151	13.38432122370937	4.55704270235819	31.35755258126195	41.810070108349265	8.891013384321223	3138.0
SRZ187152	14.814814814814815	4.732510288065844	29.6639231824417	40.9122085048011	9.876543209876543	2916.0
SRZ187153	13.040396881644224	9.496810772501771	25.974486180014175	34.40822111977321	17.08008504606662	2822.0
SRZ187154	14.565527065527066	5.698005698005698	23.112535612535613	48.57549857549858	8.048433048433049	2808.0
SRZ187155	14.38004402054292	4.25531914893617	25.99657617999511	48.39814135485449	6.969919295671313	4089.0
SRZ187156	16.29168340699076	4.178384893531539	26.134993973483326	45.66090799517879	7.734029730815589	4978.0
SRZ187157	12.65044129446376	4.94784701791923	27.788178657395026	49.23776410805028	5.375768922171703	3739.0
SRZ187158	16.914138153647514	2.905100064557779	30.92317624273725	38.734667527437054	10.5229180116204	1549.0
SRZ187159	11.846061334936861	9.019843656043296	31.26879134095009	34.09500901984366	13.770294648226097	1663.0
SRZ187160	12.45753114382786	4.530011325028313	33.63533408833522	45.97961494903737	3.3975084937712343	883.0
SRZ187161	15.208333333333334	5.807291666666667	21.276041666666668	50.651041666666664	7.057291666666667	3840.0
SRZ187162	12.992125984251969	8.316929133858268	29.921259842519685	39.419291338582674	9.350393700787402	2032.0
SRZ187163	11.687242798353909	6.995884773662551	30.781893004115226	44.44444444444444	6.090534979423868	1215.0
SRZ187164	20.67401166558652	6.8049254698639015	24.303305249513933	37.58911211924822	10.628645495787428	1543.0
SRZ187165	12.116381028298127	9.166998804304503	31.16779593463531	36.74770825029892	10.801115982463132	2509.0
SRZ187166	17.786705624543462	2.556610664718773	27.574872169466765	50.03652300949598	2.0452885317750185	2738.0
SRZ187167	14.379773505399	4.029496971293126	23.86094284961812	34.02686331314195	23.7029233605478	3797.0
SRZ187168	8.999713384924046	8.082545141874462	30.409859558612784	41.0719403840642	11.435941530524506	3489.0
SRZ187169	14.433752775721688	3.4789045151739453	27.46113989637306	52.18356772760918	2.4426350851221317	2702.0
SRZ187170	14.109926168990976	4.4298605414273995	27.891714520098443	34.94667760459393	18.621821164889255	1219.0
SRZ187171	15.646258503401361	6.316812439261419	28.522837706511176	35.56851311953353	13.945578231292517	2058.0
SRZ187172	14.112690889942074	3.8704581358609795	27.61979989468141	49.49973670352817	4.897314375987362	3798.0
SRZ187173	12.976860537836147	3.7210756722951843	29.67479674796748	46.966854283927454	6.6604127579737336	3198.0
SRZ187174	21.530054644808743	6.885245901639344	24.043715846994534	35.51912568306011	12.021857923497267	915.0
SRZ187175	17.912856374394835	2.8509951586874664	26.84238838084992	49.70414201183432	2.6896180742334588	1859.0
SRZ187176	13.089906992766103	4.78815018945918	20.530485704443677	29.52118498105408	32.070272132276955	2903.0
SRZ187177	13.347685683530678	8.396124865446717	27.48475062791532	38.85898815931109	11.912450663796196	2787.0
SRZ187178	21.300448430493272	3.6995515695067263	24.159192825112108	47.75784753363229	3.0829596412556053	1784.0
SRZ187179	10.34363068379035	3.7486983686220063	26.58799028115238	41.131551544602566	18.1881291218327	2881.0
SRZ187180	12.016088486676722	10.759175465057819	28.054298642533936	37.70739064856712	11.463046757164404	1989.0
SRZ187181	14.497773379515092	5.096486887679367	25.82879762493815	45.67046016823355	8.906481939633844	2021.0
SRZ187182	13.656387665198238	4.140969162995595	21.674008810572687	38.76651982378855	21.762114537444933	3405.0
SRZ187183	14.528386231560125	8.046490835940993	25.391148860080467	37.818506928922666	14.215467143495752	2237.0
SRZ187184	16.82037768994291	2.854633289415898	21.080368906455863	58.19060166886254	1.0540184453227932	2277.0
SRZ187185	11.74025974025974	6.441558441558442	23.74025974025974	39.688311688311686	18.38961038961039	1925.0
SRZ187186	11.338141025641026	9.254807692307692	30.16826923076923	36.818910256410255	12.419871794871796	2496.0
SRZ187187	13.941747572815533	5.203883495145631	23.92233009708738	49.47572815533981	7.456310679611651	2575.0
SRZ187188	16.10660486674392	7.029741212823484	22.479721900347624	37.07995365005794	17.30397837002704	2589.0
SRZ187189	15.176524530032095	9.536909674461256	24.254928931682713	39.84410820724438	11.18752865657955	2181.0
SRZ187190	16.42512077294686	4.444444444444445	25.217391304347824	47.85829307568438	6.05475040257649	3105.0
SRZ187191	9.275808936825886	3.420647149460709	23.667180277349768	37.473035439137135	26.1633281972265	3245.0
SRZ187192	15.44011544011544	13.275613275613276	22.22222222222222	39.39393939393939	9.668109668109668	693.0
SRZ187193	12.7763041556145	2.4314765694076037	29.089301503094607	53.713527851458885	1.9893899204244032	2262.0
SRZ187194	17.974806201550386	4.99031007751938	20.155038759689923	47.286821705426355	9.593023255813954	2064.0
SRZ187195	12.463271302644467	6.121449559255632	28.256611165523996	44.51518119490695	8.643486777668953	8168.0
SRZ187196	13.25	2.90625	28.40625	53.03125	2.40625	3200.0
SRZ187197	7.989836250705816	4.150197628458498	26.595143986448335	53.13382269904009	8.130999435347261	3542.0
SRZ187198	10.026535253980288	8.54814253222138	29.700530705079604	40.08718726307809	11.637604245640636	5276.0
SRZ187199	17.553559087767795	3.31720801658604	21.630960608154805	54.54964293941488	2.94862934807648	4341.0
SRZ187200	13.507021433850703	4.101995565410199	30.82039911308204	39.966740576496676	11.603843311160384	5412.0
SRZ187201	10.143298679404326	6.855858387187412	24.950828884518124	47.485248665355435	10.5647653835347	3559.0
SRZ187202	17.116296026248634	4.976303317535545	23.204520597885526	46.8647466277798	7.838133430550492	5486.0
SRZ187203	16.43283341396549	5.305595871633607	22.899532333494598	46.992420577326236	8.369617803580068	6201.0
SRZ187204	11.801446416831032	8.448389217619987	24.786324786324787	47.172912557527944	7.790927021696253	3042.0
SRZ187206	16.731517509727627	5.317769130998703	32.16601815823606	42.80155642023346	2.9831387808041505	771.0
SRZ187207	7.823439878234399	2.8158295281582952	27.01674277016743	54.87062404870624	7.473363774733638	6570.0
SRZ187208	6.2812926718252164	2.382036109846761	28.812016385980883	55.31785768472159	7.20679714762555	6591.0
SRZ187209	10.25240116149207	4.981014071923163	25.307125307125308	50.234532052713874	9.22492740674559	4477.0
SRZ187210	7.929016424391165	3.7757221068529354	31.300736265810837	48.36700018878611	8.627525014158959	5297.0
SRZ187211	7.738095238095238	3.492063492063492	26.19047619047619	53.76984126984127	8.80952380952381	2520.0
SRZ187212	30.41070604522381	4.407014305491463	18.850946008306416	40.65528380249192	5.676049838486387	4334.0
SRZ187213	23.83783783783784	6.081081081081081	19.864864864864863	41.972972972972975	8.243243243243244	3700.0
SRZ187214	28.80027266530334	4.925017041581459	20.38173142467621	39.587593728698025	6.305385139740968	5868.0
SRZ187215	24.083643792813366	4.122100709049393	22.641509433962263	41.713736329768054	7.439009734406922	8321.0
SRZ187216	13.652015393963946	5.44865302815475	26.331780433461617	48.93660117480251	5.630949969617176	4937.0
SRZ187217	11.860423069969265	5.351654312059302	27.08370999819201	48.5807268125113	7.123485807268125	5531.0
SRZ187218	10.097887686759403	3.537695346041559	28.93697406834965	52.4643654473639	4.963077451485488	5823.0
SRZ187219	11.195315191181537	4.426455390974853	27.36823975198071	51.13675508095074	5.87323458491216	5806.0
SRZ187220	13.993541442411194	5.597416576964478	24.542518837459635	43.48762109795479	12.378902045209903	929.0
SRZ187221	12.547169811320755	5.754716981132075	30.09433962264151	42.54716981132076	9.056603773584905	1060.0
SRZ187222	12.004801920768307	6.422569027611044	27.671068427370948	43.87755102040816	10.024009603841536	1666.0
SRZ187223	17.017543859649123	11.052631578947368	22.982456140350877	39.473684210526315	9.473684210526315	570.0
SRZ187224	16.424196018376723	6.891271056661562	24.808575803981622	43.300153139356816	8.575803981623277	2612.0
SRZ187225	16.15598885793872	6.446478312773578	26.86032630322324	41.0266613609232	9.510545165141265	2513.0
SRZ187226	15.734851021091396	5.356545028456646	27.418814864412454	42.684968195513896	8.804820890525612	2987.0
SRZ187227	11.245353159851302	6.366171003717472	29.87918215613383	42.704460966542754	9.804832713754648	2152.0
SRZ187228	12.262958280657395	9.671302149178256	24.778761061946902	44.18457648546144	9.102402022756005	1582.0
SRZ187229	13.005181347150259	5.4404145077720205	24.76683937823834	47.61658031088083	9.17098445595855	1930.0
SRZ187230	16.003951592985924	3.0624845640898988	26.994319585082735	49.61718942948876	4.322054828352679	4049.0
SRZ187231	18.20580474934037	8.066339992461364	22.54052016584998	45.382585751978894	5.804749340369393	2653.0
SRZ187232	15.574387947269303	4.613935969868173	25.141242937853107	45.81920903954802	8.851224105461393	5310.0
SRZ187233	10.904354298474134	5.284704131001116	25.158168961667286	51.09787867510234	7.5548939337551175	2687.0
SRZ187234	9.515996718621821	4.183757178014766	27.426852611430135	54.90839485917419	3.9649986327590923	3657.0
SRZ187235	9.92111650485437	4.915048543689321	26.729368932038835	54.15655339805825	4.277912621359223	3296.0
SRZ187236	14.679715302491104	7.384341637010676	14.501779359430605	18.060498220640568	45.37366548042704	1124.0
SRZ187237	12.297426120114395	8.674928503336512	26.78741658722593	29.837940896091517	22.402287893231648	1049.0
SRZ187238	6.944444444444445	5.6186868686868685	29.41919191919192	41.54040404040404	16.477272727272727	1584.0
SRZ187239	11.005331302361006	6.5118050266565115	25.666412795125666	37.85224676313785	18.964204112718964	2626.0
SRZ187240	12.815338042381432	4.894046417759839	29.288597376387486	34.914228052472254	18.08779011099899	3964.0
SRZ187241	14.452054794520548	9.520547945205479	20.205479452054796	27.465753424657535	28.356164383561644	1460.0
SRZ187242	11.987704918032787	7.991803278688525	23.565573770491802	36.16803278688525	20.28688524590164	976.0
SRZ187243	7.818317200297841	3.1273268801191363	28.741623231571108	48.02680565897245	12.285927029039463	2686.0
SRZ187244	13.094784925770842	3.4640274076893793	23.29653597259231	32.7369623144271	27.407689379520367	2627.0
SRZ187245	11.578449905482042	4.229678638941399	22.89697542533081	26.70132325141777	34.593572778827976	4232.0
SRZ187246	7.633928571428571	6.316964285714286	20.892857142857142	44.486607142857146	20.669642857142858	4480.0
SRZ187247	13.068181818181818	5.6186868686868685	21.654040404040405	32.638888888888886	27.02020202020202	1584.0
SRZ187248	10.067319461444308	8.261933904528764	15.758873929008567	24.908200734394125	41.00367197062423	3268.0
SRZ187249	6.700321248279027	7.34281780633318	16.84258834327673	25.88343276732446	43.2308398347866	2179.0
SRZ187250	6.929740134744947	5.101058710298364	15.110683349374398	22.617901828681426	50.24061597690087	1039.0
SRZ187251	17.314056784532312	5.17331475352726	23.863438425361434	38.96533704929455	14.683852987284446	5741.0
SRZ187252	21.555915721231766	2.9173419773095626	19.448946515397083	29.497568881685574	26.580226904376012	617.0
SRZ187253	18.4748427672956	8.49056603773585	19.57547169811321	22.169811320754718	31.28930817610063	1272.0
SRZ187254	16.989843028624193	9.97229916897507	23.91505078485688	27.331486611265003	21.791320406278857	1083.0
SRZ187255	10.477081384471468	8.93358278765201	31.898971000935454	36.76333021515435	11.927034611786716	2138.0
SRZ187256	10.69348861831657	9.68766543144521	30.4923239809423	36.58020116463737	12.54632080465855	1889.0
SRZ187257	12.44296972210701	8.585649108253836	31.480713396930735	34.46702613023642	13.023641642472004	2411.0
SRZ187258	14.202561117578579	5.199844780752813	26.076833527357394	44.35389988358556	10.16686069072565	2577.0
SRZ187259	12.848402447314752	5.6424201223657375	28.21210061182869	43.031951053704965	10.26512576478586	1471.0
SRZ187260	13.807890222984563	10.334476843910807	22.084048027444254	39.66552315608919	14.108061749571183	2332.0
SRZ187261	10.635155096011816	4.098966026587887	19.017725258493353	28.323485967503693	37.92466765140325	2708.0
SRZ187262	10.368584223217361	7.991732690320358	29.658973475714777	38.30520151567344	13.675508095074061	2903.0
SRZ187263	7.716938840858149	7.941082292667307	31.95645212936279	39.67339097022094	12.71213576689081	3123.0
SRZ187264	8.692120227457352	5.402112103980504	29.65069049553209	41.10479285134037	15.150284321689684	2462.0
SRZ187265	12.578616352201259	5.031446540880503	31.446540880503143	35.84905660377358	15.09433962264151	159.0
SRZ187266	6.578947368421052	4.605263157894737	46.71052631578947	34.86842105263158	7.2368421052631575	152.0
SRZ187267	18.42105263157895	18.42105263157895	15.789473684210526	21.05263157894737	26.31578947368421	38.0
SRZ187268	18.80199667221298	8.985024958402661	17.63727121464226	22.129783693843596	32.445923460898506	601.0
SRZ187269	12.096168294515403	7.43801652892562	25.24417731029301	38.35462058602555	16.86701728024042	2662.0
SRZ187270	12.878048780487806	5.560975609756097	32.58536585365854	34.4390243902439	14.536585365853659	1025.0
SRZ187271	9.966459032103497	5.222807858169621	33.87637757546718	36.70340201245807	14.230953521801629	2087.0
SRZ187272	10.801393728222996	3.6004645760743323	35.307781649245065	37.340301974448316	12.950058072009291	1722.0
SRZ187273	9.626825310978907	6.1114115738236885	21.254732287723094	38.4532179556517	24.553812871822608	1849.0
SRZ187274	10.204081632653061	5.247813411078718	10.058309037900875	13.119533527696793	61.370262390670554	686.0
SRZ187275	7.6477404403244496	3.3603707995365006	15.52723059096176	45.8864426419467	27.57821552723059	863.0
SRZ187276	10.513546300040437	7.561665992721391	26.16255560048524	33.19854427820461	22.56368782854832	2473.0
SRZ187277	8.622754491017965	4.6706586826347305	27.54491017964072	46.786427145708586	12.375249500998004	2505.0
SRZ187278	8.087180957843419	5.4774878118726695	26.58445655291081	45.59793518784055	14.25293948953255	3487.0
SRZ187279	6.111736032995876	3.07461567304087	29.09636295463067	46.981627296587924	14.735658042744657	2667.0
SRZ187280	5.684509711037423	1.8000947418285174	31.31217432496447	50.686878256750354	10.516342965419232	2111.0
SRZ187281	5.471478463329452	1.4551804423748544	32.246798603026775	48.19557625145518	12.630966239813738	1718.0
SRZ187282	4.3666136001819424	2.251535137593814	34.068683193086194	52.39936320218331	6.913804866954742	4397.0
SRZ187283	16.156282998944032	5.227032734952481	24.551214361140442	42.8194297782471	11.246040126715945	1894.0
SRZ187284	15.180902648265572	4.289444237224916	26.59455427079448	42.37224916076091	11.562849682954122	2681.0
SRZ187285	15.199637023593466	3.67513611615245	26.22504537205082	33.938294010889294	20.961887477313976	2204.0
SRZ187286	21.82741116751269	6.091370558375634	18.781725888324875	30.96446700507614	22.33502538071066	197.0
SRZ187287	10.897435897435898	8.012820512820513	18.482905982905983	30.235042735042736	32.37179487179487	936.0
SRZ187288	15.480427046263346	11.03202846975089	22.95373665480427	35.76512455516014	14.768683274021353	562.0
SRZ187289	12.26927252985885	9.88056460369164	30.510314875135723	34.74484256243214	12.59500542888165	921.0
SRZ187290	15.513126491646778	10.262529832935561	29.594272076372317	33.41288782816229	11.217183770883056	419.0
SRZ187291	16.3768115942029	4.685990338164252	25.507246376811594	42.80193236714976	10.628019323671497	2070.0
SRZ187292	14.169215086646279	4.638124362895005	25.07645259938838	45.4638124362895	10.652395514780835	1962.0
SRZ187293	7.549019607843137	3.4313725490196076	16.568627450980394	37.15686274509804	35.294117647058826	1020.0
SRZ187294	8.226495726495726	5.128205128205129	21.10042735042735	32.37179487179487	33.17307692307692	1872.0
SRZ187295	10.934105720492397	6.154960173787111	20.275162925416364	25.850832729905864	36.784938450398265	1381.0
SRZ187296	10.29886914378029	7.47172859450727	29.88691437802908	37.762520193861064	14.579967689822293	2476.0
SRZ187297	8.84732052578362	5.96562184024267	30.738119312436805	37.360970677451974	17.087967644084934	1978.0
SRZ187298	8.528864059590317	5.921787709497207	27.746741154562383	44.95344506517691	12.849162011173185	2685.0
SRZ187299	13.92235609103079	4.28380187416332	18.340026773761714	28.514056224899598	34.93975903614458	747.0
SRZ187300	11.601150527325023	5.177372962607862	18.21668264621285	26.174496644295303	38.830297219558965	1043.0
SRZ187301	4.8828125	4.6875	15.0390625	16.69921875	58.69140625	1024.0
SRZ187302	11.141094834232845	6.823438704703161	27.9491133384734	41.133384734001545	12.952968388589051	2594.0
SRZ187303	6.857727737973388	4.861821903787104	28.50562947799386	48.72057318321392	11.05424769703173	1954.0
SRZ187304	6.397730854081311	3.7819098644815634	36.054207374724236	43.77560668137409	9.990545225338796	3173.0
SRZ187305	5.377720870678617	2.848911651728553	40.33290653008963	42.02944942381562	9.41101152368758	3124.0
SRZ187306	12.383549193365145	4.726198591229266	27.561917745966827	48.284480799818226	7.043853669620541	4401.0
SRZ187307	12.054660810151294	4.5876037091264035	23.32845290385554	36.16398243045388	23.865300146412885	2049.0
SRZ187308	15.2046783625731	5.369484316852738	22.913343965975546	35.99149388623073	20.52099946836789	1881.0
SRZ187309	10.509383378016086	3.4316353887399464	24.343163538873995	30.241286863270776	31.474530831099194	1865.0
SRZ187310	9.074410163339383	2.722323049001815	22.005444646098002	40.10889292196007	26.088929219600725	2204.0
SRZ187311	12.520193861066236	7.875605815831987	25.20193861066236	37.762520193861064	16.63974151857835	2476.0
SRZ187312	7.175158275550196	5.999397045523063	28.97196261682243	45.85468797105818	11.998794091046125	3317.0
SRZ187313	7.461139896373057	5.664939550949914	30.88082901554404	44.386873920552674	11.606217616580311	2895.0
SRZ187314	16.431806743834926	6.592853548062406	17.790639154504277	34.85153497735279	24.333165576245598	3974.0
SRZ187315	27.426160337552744	6.610407876230661	18.424753867791843	29.39521800281294	18.143459915611814	711.0
SRZ187316	14.777777777777779	4.888888888888889	27.77777777777778	37.0	15.555555555555555	900.0
SRZ187317	16.07694134409879	5.69935882213251	23.414865827594397	45.14367133697459	9.665162669199715	4211.0
SRZ187318	10.496292070735882	4.563605248146035	27.26754135767256	42.44152880775813	15.231032515687392	1753.0
SRZ187319	8.91238670694864	4.682779456193353	26.51057401812689	50.9441087613293	8.950151057401813	2648.0
SRZ187320	7.26827276439363	3.429971416904859	28.705594120049	51.3679052674561	9.228256431196407	2449.0
SRZ187321	24.520717377860237	5.534941249226963	20.377241805813235	33.70439084724799	15.862708719851577	3234.0
SRZ187322	20.06398537477148	4.593235831809872	20.863802559414992	37.31718464351005	17.1617915904936	4376.0
SRZ187323	20.42007001166861	4.725787631271879	21.90781796966161	33.95565927654609	18.990665110851808	3428.0
SRZ187324	16.757123473541384	4.918588873812754	30.156037991858888	36.16010854816825	12.008141112618725	2948.0
SRZ187325	14.438502673796792	11.229946524064172	19.6524064171123	23.529411764705884	31.149732620320854	748.0
SRZ187326	16.516516516516518	10.735735735735735	21.77177177177177	28.603603603603602	22.37237237237237	1332.0
SRZ187327	10.349854227405247	11.005830903790088	27.47813411078717	35.8600583090379	15.306122448979592	1372.0
SRZ187328	11.104910714285714	10.323660714285714	28.292410714285715	36.997767857142854	13.28125	1792.0
SRZ187329	17.124298789489224	6.14112784174786	23.235901978151755	34.54384410983171	18.95482728077945	3387.0
SRZ187330	18.40468349798756	6.366630076838639	23.161361141602633	32.05268935236004	20.014635931211124	2733.0
SRZ187331	18.37160751565762	6.263048016701461	24.147529575504525	31.83716075156576	19.380654140570634	2874.0
SRZ187332	16.039549574292778	5.520461411700082	20.598736610821202	36.36363636363637	21.477616039549574	3641.0
SRZ187333	20.217588395285585	12.058023572076156	21.758839528558475	31.912964641885765	14.052583862194016	1103.0
SRZ187334	13.105076741440378	10.861865407319954	27.68595041322314	36.00944510035419	12.337662337662337	1694.0
SRZ187335	12.67605633802817	6.103286384976526	26.973965002134015	41.82671788305591	12.419974391805377	2343.0
SRZ187336	9.55137481910275	4.630969609261939	26.917510853835022	43.99421128798842	14.905933429811867	2073.0
SRZ187337	15.006821282401091	5.729877216916781	15.961800818553888	27.285129604365622	36.01637107776262	1466.0
SRZ187338	14.032600992204111	5.882352941176471	16.513111268603826	25.08858965272856	38.48334514528703	1411.0
SRZ187339	13.624841571609632	4.309252217997465	12.040557667934094	23.130544993662863	46.89480354879594	1578.0
SRZ187340	12.624113475177305	9.148936170212766	40.851063829787236	18.51063829787234	18.865248226950353	1410.0
SRZ187341	7.529089664613279	3.0116358658453115	29.911019849418206	38.60369609856263	20.944558521560573	1461.0
SRZ187342	6.610576923076923	3.8461538461538463	29.08653846153846	45.61298076923077	14.84375	1664.0
SRZ187343	7.506172839506172	3.2098765432098766	28.296296296296298	47.358024691358025	13.62962962962963	2025.0
SRZ187344	7.643312101910828	2.264685067232838	30.644019815994337	44.65675866949752	14.791224345364473	1413.0
SRZ187345	11.74163783160323	4.313725490196078	25.513264129181085	52.410611303344865	6.02076124567474	4335.0
SRZ187346	11.41804788213628	4.6040515653775325	28.334648776637728	49.03972638779268	6.6035253880557745	3801.0
SRZ187347	13.0	4.35	20.4	41.85	20.4	2000.0
SRZ187348	13.28519855595668	4.043321299638989	25.1985559566787	41.227436823104696	16.24548736462094	1385.0
SRZ187349	13.138686131386862	11.470281543274243	27.632950990615225	34.20229405630865	13.555787278415016	959.0
SRZ187350	14.614687216681777	4.533091568449683	27.524932003626475	46.60018132366274	6.727107887579329	5515.0
SRZ187351	15.350877192982455	3.0701754385964914	27.412280701754387	49.50657894736842	4.660087719298246	1824.0
SRZ187352	18.726591760299627	5.318352059925093	25.54307116104869	46.741573033707866	3.6704119850187267	1335.0
SRZ187353	10.211426000899685	4.7683310841205575	17.67881241565452	34.77282950967162	32.56860098965362	2223.0
SRZ187354	14.979757085020243	9.7165991902834	24.493927125506072	37.85425101214575	12.955465587044534	494.0
SRZ187355	22.23871733966746	5.7007125890736345	20.397862232779097	45.10095011876484	6.561757719714964	3368.0
SRZ187356	7.985611510791367	5.539568345323741	23.02158273381295	54.10071942446043	9.352517985611511	1390.0
SRZ187357	15.14498432601881	6.8573667711598745	19.239811912225704	53.17398119122257	5.58385579937304	5104.0
SRZ187358	13.91008174386921	6.7574931880108995	26.580381471389646	46.961852861035425	5.790190735694823	7340.0
SRZ187359	12.023898431665422	7.729648991784914	25.80283793876027	47.386109036594476	7.057505601194921	2678.0
SRZ187360	11.235158603579656	5.9365585681375155	29.470139996455785	47.33297891192628	6.025163919900762	5643.0
SRZ187361	13.748313090418353	2.8002699055330633	26.28205128205128	50.96153846153846	6.207827260458839	5928.0
SRZ187362	20.35973976272484	5.1664753157290475	20.818982013011865	35.82089552238806	17.83390738614619	2613.0
SRZ187363	15.20803443328551	9.182209469153515	19.368723098995694	33.285509325681495	22.95552367288379	1394.0
SRZ187364	8.791208791208792	12.595097210481827	27.726120033812343	35.418427726120036	15.469146238377007	1183.0
SRZ187365	12.081218274111675	11.878172588832488	23.85786802030457	32.994923857868024	19.18781725888325	985.0
SRZ187366	12.722852512155592	2.9578606158833063	21.555915721231766	60.61588330632091	2.147487844408428	2468.0
SRZ187367	16.8141592920354	4.646017699115045	29.3141592920354	45.6858407079646	3.5398230088495577	904.0
SRZ187368	15.921288014311271	3.6374478234943353	24.86583184257603	46.8097793679189	8.765652951699463	1677.0
SRZ187369	27.160493827160494	7.561728395061729	18.51851851851852	20.987654320987655	25.771604938271604	648.0
SRZ187370	10.720268006700168	9.26856504745952	27.359017308766052	37.465103294249026	15.187046342825237	1791.0
SRZ187371	10.818120351588911	3.989181879648411	22.44759972954699	48.377281947261665	14.367816091954023	2958.0
SRZ187372	9.701492537313433	4.270315091210613	32.91873963515754	40.13266998341625	12.976782752902157	2412.0
SRZ187373	13.781055900621118	3.4161490683229814	26.940993788819874	47.43788819875776	8.423913043478262	2576.0
SRZ187374	15.313935681470138	9.03522205206738	25.063808065339458	35.987748851454825	14.599285349668198	1959.0
SRZ187375	13.92914653784219	4.468599033816425	21.73913043478261	43.35748792270532	16.505636070853463	2484.0
SRZ187376	8.548812664907652	6.279683377308707	18.36411609498681	33.45646437994723	33.3509234828496	1895.0
SRZ187377	24.731182795698924	10.75268817204301	16.666666666666668	25.089605734767026	22.759856630824373	558.0
SRZ187378	16.817724068479354	5.13595166163142	23.51460221550856	39.42598187311178	15.105740181268882	1986.0
SRZ187379	10.430342815463165	6.564551422319475	10.50328227571116	19.328956965718454	53.17286652078774	1371.0
SRZ187380	10.23447401774398	6.8757921419518375	32.79467680608365	38.46641318124208	11.628643852978454	3156.0
SRZ187381	15.856622114216282	4.434993924665856	29.465370595382748	40.94775212636695	9.295261239368164	1646.0
SRZ187382	11.35876553793399	7.458208315473639	19.07415345049293	29.44706386626661	32.661808829832836	2333.0
SRZ187383	10.121886592474828	4.610492845786964	26.815050344462108	34.92315845257022	23.529411764705884	1887.0
SRZ187384	14.778112882378284	4.308487720809996	27.272727272727273	45.15295131408875	8.487720809995691	2321.0
SRZ187385	14.525339043540328	4.354032833690221	27.194860813704498	50.53533190578158	3.390435403283369	2802.0
SRZ187386	15.781200880226343	5.75290789060044	25.840930524992142	45.866079849104054	6.758880855077019	3181.0
SRZ187387	8.073744437380801	4.450095359186268	18.118245390972664	34.52002542911634	34.83788938334393	1573.0
SRZ187388	11.244541484716157	4.366812227074236	13.318777292576419	23.253275109170307	47.81659388646288	916.0
SRZ187389	13.359722909450767	4.106877783275606	28.154379020286985	47.99604156358239	6.382978723404255	2021.0
SRZ187390	15.376676986584107	6.449948400412796	22.497420020639836	44.27244582043344	11.403508771929825	1938.0
SRZ187391	4.408352668213457	6.728538283062645	7.3085846867749416	14.153132250580047	67.4013921113689	862.0
SRZ187392	18.47041847041847	6.0606060606060606	25.685425685425685	45.093795093795094	4.68975468975469	1386.0
SRZ187393	13.741411617738914	5.434103685196752	28.73204247345409	41.09931292941911	10.99312929419113	1601.0
SRZ187394	19.2	24.8	20.0	26.4	9.6	125.0
SRZ187395	16.596931659693166	5.439330543933054	22.733612273361228	30.543933054393307	24.686192468619247	717.0
SRZ187396	19.098591549295776	7.943661971830986	10.028169014084508	13.464788732394366	49.46478873239437	1775.0
SRZ187397	7.969507969507969	5.2668052668052665	28.655578655578655	46.3963963963964	11.711711711711711	2886.0
SRZ187398	13.059701492537313	3.2960199004975124	23.942786069651742	49.875621890547265	9.82587064676617	1608.0
SRZ187399	18.353265869365224	6.669733210671573	22.539098436062556	32.52069917203312	19.917203311867524	2174.0
SRZ187400	12.259970457902511	8.419497784342688	22.74741506646972	39.7341211225997	16.838995568685377	677.0
SRZ187401	6.679574056147144	3.77541142303969	29.09002904162633	55.130687318489834	5.3242981606969995	2066.0
SRZ187402	8.706043018094913	4.91635370433595	26.288835780129737	52.23625810856948	7.852509388869922	2929.0
SRZ187403	30.85990338164251	6.338164251207729	14.048309178743962	31.014492753623188	17.73913043478261	5175.0
SRZ187404	18.537042825883088	5.282900906533292	20.92841512972804	43.732416380118785	11.519224757736792	6398.0
SRZ187405	5.02013422818792	2.9261744966442955	29.691275167785236	52.375838926174495	9.986577181208053	3725.0
SRZ187406	35.86451789128653	4.261130838568697	18.35564053537285	31.84922152417372	9.669489210598197	3661.0
SRZ187407	30.91451292246521	8.946322067594433	17.892644135188867	23.757455268389663	18.48906560636183	1006.0
SRZ187408	19.692058346839545	4.659643435980551	24.554294975688816	36.58833063209076	14.505672609400325	2468.0
SRZ187409	11.36986301369863	6.6438356164383565	19.21232876712329	26.232876712328768	36.54109589041096	2920.0
SRZ187410	7.68277571251549	4.502271788517142	27.01363073110285	47.707558859975215	13.093762907889301	2421.0
SRZ187411	14.625131995776135	6.863780359028511	22.439281942977825	42.8194297782471	13.252375923970433	1894.0
SRZ187412	6.877076411960133	4.617940199335548	17.973421926910298	35.48172757475083	35.04983388704319	3010.0
SRZ187413	11.297539149888143	13.422818791946309	17.56152125279642	26.286353467561522	31.431767337807607	894.0
SRZ187414	9.776304888152444	4.556752278376139	29.24606462303231	46.56172328086164	9.859154929577464	1207.0
SRZ187415	11.523757509557619	3.9868924085199344	21.79137083560896	45.82195521572911	16.87602403058438	1831.0
SRZ187416	10.887096774193548	4.032258064516129	23.387096774193548	32.056451612903224	29.637096774193548	496.0
SRZ187417	13.775510204081632	8.503401360544217	18.197278911564627	43.36734693877551	16.156462585034014	588.0
SRZ187418	6.529453513129879	2.62597586941093	30.376153300212916	53.58410220014194	6.88431511710433	1409.0
SRZ187419	8.132780082987551	5.643153526970955	22.904564315352697	44.64730290456431	18.672199170124482	1205.0
SRZ187420	27.852650494159928	7.816711590296496	19.766397124887693	29.290206648697215	15.274034141958671	1113.0
SRZ187421	11.183941007783694	3.3592789840229416	22.695616550594018	49.93854977468251	12.822613682916838	2441.0
SRZ187422	14.968866749688667	4.831880448318804	21.2453300124533	35.81569115815691	23.138231631382315	4015.0
SRZ187423	7.511045655375552	3.240058910162003	25.331369661266567	40.500736377025035	23.416789396170838	679.0
SRZ187424	9.966555183946488	4.949832775919733	12.37458193979933	19.331103678929765	53.37792642140468	1495.0
SRZ187425	13.322502030869211	4.1429731925264015	12.347684809098293	19.821283509342	50.36555645816409	1231.0
SRZ187426	14.077163712200209	6.986444212721585	27.841501564129302	34.098018769551615	16.99687174139729	959.0
SRZ187427	12.530266343825666	5.266343825665859	28.208232445520583	39.95157384987893	14.043583535108958	1652.0
SRZ187428	7.055682684973303	4.0427154843630815	29.59572845156369	48.36003051106026	10.945842868039664	2622.0
SRZ187429	9.570596797671033	4.148471615720524	21.870451237263463	36.499272197962156	27.911208151382823	2748.0
SRZ187430	37.994827929182414	6.007559180425702	16.411378555798688	27.113586632186195	12.472647702407002	5027.0
SRZ187431	6.783591824902159	2.8989708653428035	21.29294100594289	60.29859399913031	8.725902304681838	6899.0
SRZ187432	5.878260869565217	4.139130434782609	20.695652173913043	59.2695652173913	10.017391304347827	2875.0
SRZ187433	4.85021398002853	3.7565382786495483	21.730860675225866	61.24583927722301	8.41654778887304	2103.0
SRZ187434	7.908215529604589	3.1550911698422452	24.441712763777915	54.21020282728949	10.28477770948576	4881.0
SRZ187435	12.121212121212121	4.9187527448397015	22.17830478700044	34.54106280193237	26.24066754501537	4554.0
SRZ187436	9.454545454545455	4.848484848484849	22.363636363636363	35.57575757575758	27.757575757575758	1650.0
SRZ187437	12.5	6.024096385542169	16.64156626506024	24.021084337349397	40.81325301204819	1328.0
SRZ187438	9.352941176470589	4.176470588235294	19.764705882352942	37.85294117647059	28.852941176470587	3400.0
SRZ187439	8.278976417461115	4.666332162568992	21.32463622679378	25.23833416959358	40.49172102358254	1993.0
SRZ187440	12.622720897615709	10.518934081346423	25.525946704067323	32.18793828892006	19.144460028050492	1426.0
SRZ187441	6.343283582089552	3.772802653399668	24.62686567164179	52.28026533996683	12.976782752902157	2412.0
SRZ187442	8.560558021559924	4.946100190234623	12.365250475586556	20.54533925174382	53.58275206087508	1577.0
SRZ187443	11.383464894058994	6.024096385542169	18.072289156626507	36.933942667220606	27.586206896551722	2407.0
SRZ187444	10.675129832660128	4.616272360069244	19.84997114829775	38.25735718407386	26.60126947489902	1733.0
