	Eukaryote	EukaryoteVirus	Plasmid	Prokaryote	ProkaryoteVirus	TotalCnt
SRZ187075	5.244111232326343	2.886008753450813	8.22826971840673	36.3883753342671	47.25323496154901	4623548.0
SRZ187076	12.821134996672177	4.436934669047309	16.589655993889576	48.340091312537915	17.812183027853024	4071730.0
SRZ187077	10.240902614933802	1.386682558611628	24.95188166103933	60.54640021342067	2.8741329519945684	9423642.0
SRZ187078	4.762611981795634	1.7047522324125421	11.690256722266374	32.06380527339169	49.77857379013376	21735006.0
SRZ187079	15.214304352005714	1.9171347350206682	19.549006413337544	60.7476276144307	2.571926885205378	728170.0
SRZ187080	17.55062061435201	3.3736371373059075	14.39001022314284	53.57087421252362	11.114857812675627	373662.0
SRZ187081	20.268418141136255	7.682241138733621	16.68882155271349	42.03621291808747	13.324306249329162	484468.0
SRZ187082	8.934261342947703	2.1788129674619614	28.343371516233205	53.027332907531324	7.516221265825807	3350540.0
SRZ187083	15.649637159683738	2.087323443526483	17.146802056535847	55.97213250376817	9.144104836485756	2117736.0
SRZ187084	21.503279168577443	4.23128774358946	16.428303064793276	44.41850699758552	13.418623025454304	1447928.0
SRZ187085	11.41796460934357	1.9405627274755028	21.469576825649902	61.141641469293795	4.030254368237226	2967902.0
SRZ187086	12.251909939771211	2.4677634504224097	17.69046624537954	51.331231389034855	16.258628975391982	1781208.0
SRZ187087	22.838635971719263	5.915890670805311	19.11493360924297	37.65358251422659	14.476957234005862	1855680.0
SRZ187088	13.41125072192639	2.7550645381467285	21.50774153791737	53.739233279632145	8.58670992237737	1447516.0
SRZ187089	15.934436253222254	2.908540101861438	15.39224065054208	47.3576939200441	18.40708907433013	1727052.0
SRZ187090	14.857885867447767	1.6963569024517329	20.051071899658737	50.647364492825055	12.747320837616707	2130330.0
SRZ187091	12.667278469054496	1.716375610677751	20.17368889848579	59.093497800210535	6.3491592215714325	1481960.0
SRZ187092	8.2988649635743	2.4912404096197402	7.900892413517194	32.142373187587516	49.16662902570125	1239784.0
SRZ187093	34.63440538239119	23.551704455070322	8.40998624458439	21.89707767598978	11.50682624196431	854936.0
SRZ187094	9.094690332580786	1.9398439869259023	24.383676753041076	58.858396232772854	5.723392694679381	1899328.0
SRZ187095	2.1076972900493733	1.3793116509506322	7.871432169797563	25.215286629028988	63.42627226017344	2112068.0
SRZ187096	23.374178542996738	6.272263240872267	11.971652904172455	39.40901924667905	18.97288606527949	640630.0
SRZ187097	10.066490721277898	1.8424012213359489	22.478265314786864	59.90645897486107	5.706383767738224	1154146.0
SRZ187098	2.322126790264476	1.3775700729285651	7.137443985590019	30.15085449433266	59.01200465688428	728384.0
SRZ187099	24.181135807099913	5.731037025512716	15.368582127246029	36.84137616497271	17.87786887516863	938434.0
SRZ187100	9.357284670788806	2.6426319288873237	23.910757020106427	53.379334789750104	10.709991590467343	1726612.0
SRZ187101	14.061217072940924	1.8259459168427712	15.212200341889545	47.32081084355188	21.57982582477488	2971720.0
SRZ187102	17.423347882579893	5.653090765627474	18.429940886161177	38.658209396164594	19.835411069466865	2159562.0
SRZ187103	10.8625398885824	2.712017956622857	21.110254746065227	54.02834117583428	11.286846232895234	1479120.0
SRZ187104	17.742082068551845	1.7806360783704602	15.15589653935956	45.9793581051494	19.342027208568734	2420708.0
SRZ187105	20.947630418475438	7.822985517033611	15.86757275350246	33.60036070936813	21.76145060162036	989162.0
SRZ187106	9.520731419076201	2.5512287009647685	21.50728052772187	51.20524427191142	15.215515080325744	1116952.0
SRZ187107	17.25409017270607	1.804106887473024	15.870918481389245	52.10269790185168	12.968186556579981	2022164.0
SRZ187108	18.84825657563237	5.3205778242466994	19.937109493096845	38.36454764184219	17.5295084651819	2540288.0
SRZ187109	12.192736474933316	2.9454209698379046	21.806989945968127	56.01737227275836	7.037480336502291	584840.0
SRZ187110	18.13761930016487	3.004777554149682	21.912175551260514	47.28195705896755	9.663470535457382	2703894.0
SRZ187111	18.335711762628048	5.627410808901448	20.66965736488873	38.47071706110915	16.896503002472624	2831000.0
SRZ187112	11.036560033236395	1.3092023265475696	25.01869547154134	60.17163481512256	2.4639073535521394	770240.0
SRZ187113	11.751565957181588	1.6507837576739692	23.413132225996446	58.88086260089127	4.303655458256723	1604450.0
SRZ187114	19.952024789813525	2.993810411407089	13.912968249848603	49.99944946480114	13.141747084129642	1271490.0
SRZ187115	16.683734867744686	6.382643831140368	22.320624496919756	49.82566526136264	4.787331542832551	1003816.0
SRZ187116	4.513502382773431	1.8139671706771783	18.158263222921693	57.51826792963464	17.99599929399306	1699700.0
SRZ187117	23.081230924313274	1.9929349035512647	18.58589014467679	38.357107171647655	17.98283685581102	1357094.0
SRZ187118	13.86725416015819	2.088792177187074	22.083194134696125	58.419546197394205	3.541213330564409	1107530.0
SRZ187119	15.76789940176091	2.3982846559757767	17.85034468566725	50.59015477782841	13.393316478767657	1088528.0
SRZ187120	32.111866019987644	5.68291127064327	5.430281183868126	43.62197628618584	13.152965239315114	395044.0
SRZ187121	13.990308264485984	4.984794528579403	10.764148225943364	53.89823422798776	16.362514753003495	784586.0
SRZ187122	9.942389701156914	2.2001865621782724	12.74731260109163	25.9938635550912	49.11624758048198	1571594.0
SRZ187123	15.623965843681678	4.617897889100467	23.529395808581395	46.92913214958037	9.29960830905609	2949264.0
SRZ187124	12.426724496921628	1.379101025696878	29.449464728456203	55.29393487049055	1.4507748784347392	2497424.0
SRZ187125	7.254238907098606	2.1646432943194336	17.791106575120878	51.100698637091824	21.689312586369258	1926322.0
SRZ187126	14.138549268158133	10.302150853565667	14.428167966852751	53.188204184180705	7.942927727242746	667084.0
SRZ187127	16.43708026862808	0.9813719219699393	21.814438759194115	58.6580588423409	2.1090502078669653	500320.0
SRZ187128	1.8739855393241847	1.8802283742522787	12.536180066060544	23.171700661740502	60.53790535862249	352404.0
SRZ187129	3.8041152621539487	2.91080697529924	9.743708764575189	31.279328677009218	52.262040320962406	827262.0
SRZ187130	15.706198953552612	7.110730906314036	19.381313614375415	40.57363313739864	17.228123388359307	1306898.0
SRZ187131	11.249315543959282	2.3476468176908325	19.496000981427677	42.38391176725802	24.52312488966419	1336828.0
SRZ187132	18.136583521252117	6.465328408247213	12.762336925694838	41.273881825602146	21.361869319203684	433698.0
SRZ187133	11.371142006768052	2.608889603054497	21.332792912492597	54.49456661206497	10.192608865619881	833918.0
SRZ187134	11.615892672520436	3.0421795814975447	18.84145831933792	39.3122285231166	27.1882409035275	1220638.0
SRZ187135	18.60895038466461	6.142404118257704	19.203651825201575	32.76901636779909	23.275977304077017	1406420.0
SRZ187136	15.315133997419956	2.8015548162445802	19.10857525291225	40.325075897923355	22.44966003549986	1649584.0
SRZ187137	6.648067861886518	2.3045709577288265	11.555923390463454	27.046096900138302	52.4453408897829	1094694.0
SRZ187138	19.649617387464527	7.4955438160013355	18.236293531936433	37.1818069220289	17.43673834256881	1485576.0
SRZ187139	10.171049025455835	2.269502974415193	22.906019764948653	52.79768334166277	11.855744893517548	992464.0
SRZ187140	12.40467438076922	1.2949348119656643	29.07409784747407	49.508528387222604	7.7177645725684405	6480944.0
SRZ187141	23.071276703452465	5.27488103675205	8.735952212210185	42.26738888326415	20.65050116432115	395080.0
SRZ187142	13.077724705567245	2.166587904974917	22.801278864107605	57.85644026913409	4.097968256216145	1299278.0
SRZ187143	13.410432535660375	2.023473422743467	31.52033478773431	42.307842889893294	10.737916363968557	919508.0
SRZ187144	27.580450734459315	6.554985343174666	11.476011078240749	27.973366916834987	26.41518592729028	741634.0
SRZ187145	8.652644758122996	0.7163693574118032	23.107473761700987	66.02736456778632	1.4961475549778878	5447190.0
SRZ187146	27.241446942047276	3.0992043865334105	19.465774976975815	40.39113398369547	9.80243971074803	1876288.0
SRZ187147	16.39403405341194	8.072726472788068	16.34145804918826	44.59017114699283	14.601610277618901	909160.0
SRZ187148	13.61282970358716	2.6493269558108143	23.3100288250348	55.40032360800581	5.027490907561413	1521594.0
SRZ187149	18.267284119816686	3.9831498766536346	19.1910594322701	45.01252698953119	13.545979581728387	415902.0
SRZ187150	20.73516879491636	8.732310252504579	17.237983721070677	29.89374408664202	23.400793144866366	1192216.0
SRZ187151	15.296817038524871	2.3450771764109803	25.353165770949822	44.08598881711091	12.91895119700342	2763150.0
SRZ187152	16.40836330524236	2.4349495311725433	24.145158965380247	42.90873421860333	14.102793979601524	2844330.0
SRZ187153	20.964133319750122	5.759930196803642	17.099527879673474	28.349071973658937	27.827336630113827	2571802.0
SRZ187154	13.617344486342294	4.422961434545381	18.364793412891682	48.92740555554876	14.667495110671883	1635194.0
SRZ187155	14.040723834511601	2.8943289240648213	19.20264006841594	49.93443898226819	13.927868190739451	3131434.0
SRZ187156	18.393783311639552	3.6796165652100696	17.855473870468938	48.82579749594233	11.245328756739106	3907418.0
SRZ187157	10.358483631754842	2.3670498689647355	25.902649213616677	54.99677134603957	6.3750459396241705	2329144.0
SRZ187158	15.754491476653357	1.7260783570436686	26.17558153009736	42.66681855946701	13.6770300767386	1018262.0
SRZ187159	20.32216373426914	5.3135149837602595	21.8199175479859	29.274020504560816	23.270383229423885	1125018.0
SRZ187160	13.966755260568862	3.7260833174255885	27.75950426572297	49.98751853864113	4.560138617641444	544808.0
SRZ187161	11.937716262975778	3.759145484030295	20.1577731542178	57.099582060649475	7.045783038126647	2858788.0
SRZ187162	13.344484334203655	7.027798001606748	24.5341371259289	46.06550637678249	9.028074161478209	1274624.0
SRZ187163	11.052255757120609	8.966088235837267	25.75053400717755	46.89167810601351	7.339443893851069	649804.0
SRZ187164	19.844417992522676	6.30526262846413	16.673763978070983	42.142773316344496	15.033782084597716	1192940.0
SRZ187165	16.728542442846898	6.6650924419723285	20.90909289674835	36.27155813261969	19.425714085812736	1829472.0
SRZ187166	14.57661495206802	0.706403915856509	23.41011483350835	60.64331323464652	0.6635530639205989	4723360.0
SRZ187167	7.64841910322819	1.091208524751299	15.906120981036398	30.77209992628069	44.58215146470342	6144930.0
SRZ187168	13.962102435882038	4.724548435583603	22.12192512201247	41.11811098130416	18.07331302521773	2198136.0
SRZ187169	11.313025608872762	1.312826388238916	23.03870105139629	63.50443378676702	0.8310131647250173	5320734.0
SRZ187170	11.515579933293857	4.5033900383909815	22.406168933506187	35.202591226388094	26.37226986842088	1516502.0
SRZ187171	12.607509588736256	6.183727732326223	27.82300196826477	37.621609731080554	15.764150979592202	1563814.0
SRZ187172	11.761310798419219	6.563071084588936	20.140633531817315	49.73385593720453	11.801128647970003	3084044.0
SRZ187173	12.804836960119172	2.024364892562023	21.098727966314453	49.386464836447274	14.685605344557079	3353842.0
SRZ187174	23.053290077783394	9.262547674671683	17.09693359500886	32.622226041696834	17.965002610839232	2141074.0
SRZ187175	14.650461929576426	1.0495807657058143	26.37845265065385	56.08268699351505	1.8388176605488638	1438098.0
SRZ187176	5.2430643043171825	1.7512682398375352	12.903128421693085	25.327524607162058	54.77501442699014	3444932.0
SRZ187177	19.033579199538888	5.696463309197017	19.97966875607911	36.98113674844195	18.30915198674304	1776576.0
SRZ187178	19.69632000848233	1.5707908372093748	21.37703813775371	52.06359254864478	5.292258467909806	1282666.0
SRZ187179	4.853746756160856	1.8347202981405242	22.646265438723148	45.16174074652202	25.503526760453454	3280064.0
SRZ187180	16.462716096159106	7.7430919823923965	21.22223790996388	35.68953284089711	18.88242117058751	1119062.0
SRZ187181	12.04653763468503	2.7451163119519006	21.923332765618323	49.39040261705909	13.89461067068566	1244756.0
SRZ187182	10.485950684645212	1.8885683469615486	15.189532336377445	42.966683958514494	29.4692646735013	2679490.0
SRZ187183	16.231310231480986	5.460774164630046	23.86004418309303	36.28104289175142	18.166828529044516	1874020.0
SRZ187184	10.496612363649305	0.8799402103315124	20.937171913091447	66.9742713134153	0.7120041995124294	3596608.0
SRZ187185	9.637219904520236	6.668261580147091	21.364134875919316	42.380972861382304	19.94941077803105	1488064.0
SRZ187186	11.72285609182529	6.84757889281241	23.136679032957083	39.606135387795646	18.686750594609567	1342898.0
SRZ187187	8.878753462925268	2.774078691069037	22.136810202689897	58.33970378372525	7.870653859590546	1551434.0
SRZ187188	17.682185375009606	6.467049881273589	16.371138357732587	38.212267451973446	21.26735893401077	2472070.0
SRZ187189	19.805581315811974	7.351703136612668	18.768210308925763	38.63972691935834	15.434778319291253	1216344.0
SRZ187190	12.46759812045303	2.2832286496599323	22.636632552374447	57.24802680353277	5.364513873979823	1891094.0
SRZ187191	5.320920166277149	1.7188697831958293	18.47568142079698	37.37663033664761	37.10789829308243	3112394.0
SRZ187192	26.331757654401088	7.122686687057806	11.442518614638367	25.52661661568882	29.576420428213922	323670.0
SRZ187193	9.600515777606377	0.8159523837674717	22.19241648346222	66.68776328756758	0.7033520675963554	2875658.0
SRZ187194	12.647985089798418	2.9576931551608068	22.19852431855339	50.21054207737284	11.985255359114543	1642902.0
SRZ187195	12.45090547960822	4.965040148075421	21.395588913221726	50.41753400180873	10.770931457285897	6017474.0
SRZ187196	8.280186566780392	1.0156018859967824	27.234962454917767	62.44330120830366	1.0259478840013965	3305626.0
SRZ187197	5.91163048606102	1.6804580689545647	25.666955150640014	59.102358873617995	7.638597420726406	2997278.0
SRZ187198	10.082624559510846	5.490019738329167	22.40984219414588	44.652726821620305	17.3647866863938	4167526.0
SRZ187199	12.142370031532522	1.0601111702337065	24.000528293548342	60.55815610312391	2.238834401561514	6299528.0
SRZ187200	12.495256286118497	2.3447201069288917	22.152097419140606	42.41891737287544	20.58900881493656	5733904.0
SRZ187201	10.310497465981424	6.508899359189114	23.336350870690207	48.16780834123358	11.676443962905674	2805820.0
SRZ187202	15.827659100741016	2.456026284755468	18.54646521341972	51.12570340589409	12.044145995189707	4724868.0
SRZ187203	14.760891355796797	2.5166741441106373	17.88161232594095	51.92088308335321	12.919939090798408	4796648.0
SRZ187204	11.732110960376806	6.52235797578542	20.34141493979723	50.15500375908881	11.249112364951737	1918018.0
SRZ187206	9.67772442376484	1.4613640501133673	39.07996245516726	48.13871728126234	1.6422317896921939	845922.0
SRZ187207	4.964177455149319	1.6640363221576762	23.376334632733695	60.32667148981288	9.668780100146424	3931044.0
SRZ187208	4.10734757006154	1.1807188554349222	22.062244536146164	61.73272743488731	10.916961603470067	4597030.0
SRZ187209	8.496333878228183	2.6199978175954777	18.623803253054042	61.66023775496259	8.59962729615971	3775652.0
SRZ187210	11.126367326346687	1.9145435365881625	24.138326415483753	52.684273740454515	10.136488981126883	2790848.0
SRZ187211	9.40882434617835	2.1529967165983304	21.22449646340069	58.882336605844785	8.331345867977848	612170.0
SRZ187212	39.126105915862176	2.274426772196036	15.934780721285398	37.27983207163002	5.384854519026374	2856456.0
SRZ187213	14.974710840497284	3.6462036092142784	20.153676241044515	47.6216647297549	13.603744579489023	3049528.0
SRZ187214	21.52591102016157	2.5792892849712676	17.038248565722864	46.24766536942113	12.60888575972317	3403108.0
SRZ187215	15.168133705646431	2.6229675752360007	20.66558461469274	52.68433382257346	8.858980281851371	4891940.0
SRZ187216	13.289700022275573	2.832555750810583	20.066656560156424	55.48566938098656	8.325418285770859	2585792.0
SRZ187217	18.051327226220447	3.584096722444246	21.735152805783304	46.86181411155246	9.767609133999539	2474710.0
SRZ187218	9.161142824785976	1.518894311475081	19.32813803175457	62.94625741280116	7.0455674191832145	3390756.0
SRZ187219	10.367735496252177	1.9813946318661781	15.482041991938926	62.61827517887411	9.550552701068614	3087926.0
SRZ187220	17.366207299115775	4.672865766508046	14.742599634395635	46.91842602757166	16.29990127240888	832594.0
SRZ187221	17.13456759295592	4.9156351442942245	18.731197755026813	48.300812138075365	10.917787369647677	672792.0
SRZ187222	17.66473630835614	6.863931274545505	19.930460114411908	44.33794191696718	11.202930385719265	1021572.0
SRZ187223	18.650375875667955	9.753987810360625	17.126386414982672	39.885501613334625	14.583748285654126	351446.0
SRZ187224	11.909684345775252	4.019514424548681	18.53385274068581	57.34485687553626	8.192091613454002	1855448.0
SRZ187225	9.258790464792359	4.158214900889469	19.957944947091857	58.21630128825917	8.408748398967152	1856614.0
SRZ187226	10.755701862424154	3.291904543472376	19.998537705015064	57.26129557594838	8.692560313140026	2297758.0
SRZ187227	11.560268459491692	4.576897743396598	25.153859322815865	43.275020093838954	15.433954380456893	1378532.0
SRZ187228	9.966823495551186	4.690735081917055	8.350262987648591	66.8056043530063	10.186574081876865	1542658.0
SRZ187229	6.132061012831011	1.24075020534247	9.859003383693587	79.02635452526009	3.7418308728728364	3197098.0
SRZ187230	10.292033041334701	1.26615781965179	21.490493699972955	60.89230597712872	6.05900946191183	4843630.0
SRZ187231	15.841509247082257	6.69773789020156	14.356225891830322	49.92722840650845	13.177298564377411	1453864.0
SRZ187232	14.568504259534677	3.605985768653042	17.116979892075435	52.99884590656236	11.709684173174487	3505782.0
SRZ187233	16.41467102699583	4.8292994968953264	18.02598908676461	51.90928422953702	8.820756159807216	1503862.0
SRZ187234	9.226261820707624	3.128372855550865	14.312074866722874	70.08605276359286	3.2472376934257747	3420692.0
SRZ187235	8.1382074211672	3.390394918678735	14.88048485094178	69.91601833827649	3.6748944709358007	2762746.0
SRZ187236	19.19390435316083	4.282781497406588	9.347437528384116	16.64829721855571	50.527579402492755	753062.0
SRZ187237	14.533761452340373	7.068200864398641	21.815707950019302	29.438046722723893	27.144283010517793	424804.0
SRZ187238	7.232917800503525	6.28795950081772	24.821357075481302	46.31347507142324	15.344290551774215	589444.0
SRZ187239	19.218013129742378	2.666135081000631	19.151061927082754	37.29102567971752	21.67376418245672	2518252.0
SRZ187240	15.164017619430808	2.2723294746325045	23.173902126824338	34.481642139003824	24.90810864010853	3576506.0
SRZ187241	13.930175652702749	6.470803120809958	13.8128289534103	32.16013844869704	33.62605382437995	980002.0
SRZ187242	17.164957769557937	3.494343169030206	11.505717074111113	33.16119859753967	34.67378338976108	829970.0
SRZ187243	5.856367340211451	2.1810238740649104	16.96148501673927	58.9779369946704	16.023186774313963	3070026.0
SRZ187244	12.714462505340816	1.8065435711322986	13.48354007186909	34.00129711621447	37.99415673544333	3524742.0
SRZ187245	10.923455919949038	1.9404913991049901	15.544522061680542	29.556657805003482	42.034872814261945	4040626.0
SRZ187246	4.423921889486523	2.8637216888064767	9.060426265335627	53.20605984013143	30.44587031623994	7343032.0
SRZ187247	11.418885020599905	4.7032650723910585	14.839280194191485	34.28402025023944	34.754549462578105	789324.0
SRZ187248	7.418301470602376	4.960758936212358	10.794417595689156	26.721135558115428	50.10538643938068	2079964.0
SRZ187249	5.097649064836785	4.316494374456809	11.873456722989875	28.850993324248233	49.861406513468296	2114818.0
SRZ187250	7.828284365961333	2.5410260313594155	13.959506774242655	24.541736438828842	51.12944638960775	985350.0
SRZ187251	17.450641727448126	2.4776465476633462	19.765517285881135	39.786671599446784	20.51952283956061	3719336.0
SRZ187252	17.722193889378275	1.2626145548395074	19.443414159209976	41.15203919205032	20.419738204521924	517656.0
SRZ187253	19.16038178292117	6.438340537183273	11.825890763439089	20.07985499347217	42.4955319229843	788930.0
SRZ187254	23.87122587793543	6.894453612006165	13.039350542043595	27.074953300677347	29.120016667337463	844766.0
SRZ187255	15.77033555771578	6.442425527042205	22.106171016759614	34.08104743318935	21.600020465293056	1641804.0
SRZ187256	17.53143174856635	6.710468547910002	19.832895145008976	33.08245568534519	22.842748873169484	1179858.0
SRZ187257	16.532864312672334	6.847800439763864	23.624256088928504	32.23874914651842	20.756330012116873	1754578.0
SRZ187258	11.873615209467117	2.91099561972248	22.978690817753908	51.836142905277775	10.40055544777872	1958780.0
SRZ187259	11.254409624672201	2.5548701335138957	27.540748111764113	48.199863081855355	10.450109048194438	1069252.0
SRZ187260	11.823774762137296	8.659710925666156	21.231987284959363	43.67210560202047	14.612421425216713	2572072.0
SRZ187261	6.807555830509887	1.457443159780877	11.396764442848854	30.57816271384199	49.76007385301839	3119710.0
SRZ187262	12.497608801754916	5.154082557572009	18.262050298296394	43.97650457769204	20.10975376468464	2237372.0
SRZ187263	9.534454180381768	4.416442550413259	22.885372861593243	38.824752190116875	24.33897821749486	2132078.0
SRZ187264	10.645979475036384	2.601887772531365	20.685943722477784	43.028017090097386	23.038171939857083	1709528.0
SRZ187265	12.020525197620943	3.0108355601076964	35.45464225412101	42.02240126558531	7.491595722565041	394442.0
SRZ187266	7.699547295687395	3.403621634500834	39.2899690254944	36.56182987848463	13.045032165832737	167880.0
SRZ187267	11.80861893450967	10.353278286769973	6.609357915771217	17.377370584021417	53.85137427892772	53046.0
SRZ187268	17.414044666180313	6.625208857929541	13.678135222271903	19.89445320405714	42.388158049561106	339944.0
SRZ187269	17.559115268554102	3.6378926993362857	16.871790819218546	33.56045772198531	28.370743490905756	2049978.0
SRZ187270	21.88179761430515	2.6571860225641335	15.815488225611269	22.505956720759453	37.13957141675999	1330430.0
SRZ187271	15.98176975708316	2.586100013776002	23.484524957523995	32.62157321945171	25.32603205216513	1742160.0
SRZ187272	17.410371436145322	1.799177124504455	23.74678550941312	28.920399964882463	28.123265965054642	2346406.0
SRZ187273	8.64640297471151	4.4144397454509985	17.53237810511336	36.89066902317681	32.51611015154732	1394152.0
SRZ187274	6.970272011852634	2.687138167408302	7.860234312765429	14.940356289354447	67.54199921861918	788348.0
SRZ187275	3.381744688851288	1.784623183734859	9.024000886310532	48.35008594526361	37.45954529583971	2382912.0
SRZ187276	17.635109094299747	4.568989453181658	15.268477652763101	32.282712749425	30.244711050330494	2413050.0
SRZ187277	11.523365223500605	2.5854096930070205	16.599640364110268	46.906510758047176	22.38507396133493	2610418.0
SRZ187278	10.963609119861989	2.5790224186509585	17.42593687950217	44.60532668595838	24.4261048960265	3202066.0
SRZ187279	12.878126140242525	1.310558231149175	19.296812928356044	44.0534427229031	22.461059977349155	2532356.0
SRZ187280	10.05247696977991	0.8788622903438761	19.02348251872241	57.950084477851135	12.095093743302666	2323686.0
SRZ187281	4.7353355926498475	1.4286082673612006	28.95259371254925	53.33013934563064	11.553323081809063	1473602.0
SRZ187282	4.754587206851412	1.166870049477491	20.522109560471257	68.0409132257993	5.515519957400546	4507100.0
SRZ187283	14.96260970232471	3.5610161989155324	21.066357670012003	48.376277909718496	12.033738519029257	1879632.0
SRZ187284	13.084963129208079	2.0987923479747783	24.491867051405364	46.80611307042856	13.51826440098322	2339250.0
SRZ187285	10.654906091282655	1.685141458982294	22.421355651126927	38.54281051810231	26.695786280505818	1963396.0
SRZ187286	31.763664962642547	6.216025537230228	8.060188290809835	39.01193587934584	14.948185329971547	345848.0
SRZ187287	15.135677924373951	7.648869641410166	14.769295188173398	31.541094960977333	30.905062285065153	1031708.0
SRZ187288	23.595746998450814	5.760130228505035	12.670652594887684	25.567329105344694	32.40614107281177	660992.0
SRZ187289	22.14954127964209	7.828781307253543	17.263559628456406	27.855043328875595	24.90307445577237	1156042.0
SRZ187290	16.211216440299438	12.825772316422087	21.92007974772115	37.846619827660575	11.19631166789675	208658.0
SRZ187291	15.514731036303948	1.7614226298005653	22.542956770155023	52.274023082324554	7.906866481415908	3332420.0
SRZ187292	11.725041685258683	2.2166694065428243	21.193583992860667	57.81066672929241	7.054038186045419	2129050.0
SRZ187293	3.7186697007970038	1.117383824746309	10.272173468054527	32.52131331388006	52.370459692522104	1469504.0
SRZ187294	4.425551520660719	1.8501800137286735	14.457289349693596	37.59539638042435	41.67158273549267	2569804.0
SRZ187295	11.059798413450295	4.212691198426642	16.94562199823717	33.45725129963964	34.324637090246256	1667770.0
SRZ187296	13.580048659789432	3.8519873349938982	17.726816786623694	41.58552273850352	23.255624480089455	3387602.0
SRZ187297	10.739070338712969	3.108986869008784	17.986091963489613	40.51297522407193	27.6528756047167	2234104.0
SRZ187298	11.028085282159617	2.9652800177469305	20.518485748271523	46.85419086364569	18.633958088176236	3137444.0
SRZ187299	11.663761685945175	10.86864205355728	13.63428933607986	25.29741720804944	38.535889716368246	631100.0
SRZ187300	9.885116880065782	3.562316457183132	12.229766239868436	27.06096558205098	47.26183484083167	851300.0
SRZ187301	6.828899215733784	2.745046047924586	8.595384007003764	13.034911390032436	68.79575933930543	874958.0
SRZ187302	11.816529156761293	4.74127455865362	20.947304538845135	45.274949664178955	17.219942081561	1473106.0
SRZ187303	4.601863802876322	3.5294043934286536	23.618125086151803	59.78392083641391	8.46668588112931	957612.0
SRZ187304	4.70159436345453	2.223410705557498	25.21488203160125	60.261786310043306	7.598326589343419	2041818.0
SRZ187305	3.4738190094916233	1.377814179320117	41.087874601714475	47.321911667075	6.738580542398783	3093886.0
SRZ187306	11.753167584744244	2.3726160283544946	21.20791294895277	59.21602253981451	5.450280898133979	5296938.0
SRZ187307	8.280414215132316	2.0800676587026734	15.379474429919533	37.56491857382065	36.69512512242483	2468862.0
SRZ187308	12.240280899294035	2.792638535438261	20.03687174925228	37.89142161903653	27.038787196978895	1614244.0
SRZ187309	6.925311229369087	2.7401158909561945	13.558907050765596	40.75770670673394	36.017959122175185	1911452.0
SRZ187310	9.241691886828118	2.400260060196042	18.652360586340194	43.40834643673911	26.297341029896536	1925708.0
SRZ187311	15.18508409404417	4.532742961069801	15.17736440691206	39.9834761934958	25.121332344478173	2176254.0
SRZ187312	10.617268952273337	2.898406476552357	18.405071406302373	50.333868557368746	17.745384607503187	2732812.0
SRZ187313	10.322435168817133	2.1773758285710154	17.93532889412764	54.35452156700586	15.210338541478349	3042286.0
SRZ187314	12.708995267919379	3.166647944658239	14.471938933024061	41.26424887426175	28.38816898013657	2688458.0
SRZ187315	31.565780733762928	6.0078672912191715	14.179239667710464	28.02593100592635	20.22118130138109	463692.0
SRZ187316	23.6982598538397	4.092787827962142	19.026671259135018	31.305409129028394	21.876871930034742	534208.0
SRZ187317	17.097337329226225	3.2408290087524354	18.450643175900716	49.75556932536538	11.455621160755248	2685424.0
SRZ187318	16.704646157741486	3.912610999584034	20.880581628777602	38.38098855189626	20.121172662000614	1105860.0
SRZ187319	6.008445336176429	2.8487478907646975	18.927459095526324	61.91237334094477	10.302974336587782	1191190.0
SRZ187320	4.906231804319962	1.8440961563708556	20.43508282448065	63.5865921451786	9.227997069649932	1995666.0
SRZ187321	26.028446056651635	3.000699706934342	17.29094625584357	34.61202481859048	19.06788316197998	2761156.0
SRZ187322	18.659112605256464	2.2781999404036215	17.12018784529527	41.43014191873886	20.512357690305784	2570626.0
SRZ187323	21.802593072390238	2.1856720661944333	18.027825189536777	39.174301663882105	18.80960800799645	2216984.0
SRZ187324	19.509039040772734	2.058444699703974	26.74325779730491	39.6859776915558	12.003280770662585	2009284.0
SRZ187325	14.296968982191297	7.470220544875575	14.48000943507489	22.881943625427528	40.87085741243071	423950.0
SRZ187326	21.409901794097497	5.812419113355495	13.401426142563503	26.32298830157079	33.05326464841272	788140.0
SRZ187327	15.542711965625966	6.629350527098906	14.967533946384197	30.167112874574247	32.693290686316686	790364.0
SRZ187328	17.160357234159363	5.922400895180859	17.10440843045794	31.495614200518837	28.317219239683	954444.0
SRZ187329	13.772641429658652	3.271077035826028	19.89908955097669	45.182512613806125	17.8746793697325	1773850.0
SRZ187330	16.0644361708329	3.3557548769391805	20.474654109250533	42.165723424261394	17.93943141871599	1578244.0
SRZ187331	19.064474727574453	3.562115127019032	19.97865206723431	39.377359746534175	18.017398331638034	1712578.0
SRZ187332	10.948190638270658	2.9101852041011194	17.505256080132238	43.88744749471283	24.74892058278315	2251678.0
SRZ187333	17.904231289301475	9.052270235295484	21.978992719904223	35.5221405573787	15.542365198120116	516202.0
SRZ187334	20.020461996048716	7.329953756974447	19.085289073185557	31.258005688109247	22.30628948568203	736976.0
SRZ187335	23.072136745104494	3.914177774121003	18.75908480061434	39.11658027535516	15.138020404805003	1166784.0
SRZ187336	9.558125324017082	2.4975370247972166	19.67529702679254	46.82129222020512	21.447748404188037	1122626.0
SRZ187337	13.14208258309899	3.0599445669546217	10.977968399117927	25.555847781666632	47.26415666916183	988580.0
SRZ187338	11.624281298331846	3.4369312758675665	11.889504729921386	23.941331997209048	49.10795069867016	965978.0
SRZ187339	9.083977309615388	1.7383272730669619	6.9917258097286545	27.24153956454826	54.94443004304073	1712796.0
SRZ187340	6.886788600363896	5.84622318615685	68.71270866134587	10.346517357629326	8.20776219450406	1322358.0
SRZ187341	8.675364251023712	1.7839570834523697	22.569856261885594	39.1489410820903	27.82188132154802	693066.0
SRZ187342	11.156172535615996	1.9546778457554668	21.696208406437663	43.99055300488615	21.202388207304722	922198.0
SRZ187343	9.642744690493394	1.6666090321218552	21.28716745625993	48.84036262442237	18.563116196702456	1098878.0
SRZ187344	5.017363102370314	1.5359573621750366	22.66452241096987	54.65021218858062	16.131944935904162	819554.0
SRZ187345	10.743029693309536	1.8124236758614212	22.544370270933648	61.60475383855494	3.2954225213404564	5280112.0
SRZ187346	8.913799344824966	2.566064972269024	24.57995727507966	56.46437876803854	7.475799639787805	3580112.0
SRZ187347	9.044052879448573	1.7884555503187136	15.789078317172493	46.42242251459685	26.955990738463367	1650698.0
SRZ187348	13.555232877259163	2.778235182579364	17.337929004121634	48.890502280370846	17.438100655668993	1603248.0
SRZ187349	15.16412200141964	5.685689306924723	16.33875153817272	24.193641214532956	38.61779593894996	729762.0
SRZ187350	9.979550198001375	1.705359752245635	26.620171753364698	56.6630027925822	5.031915503806098	5125722.0
SRZ187351	12.488631870304468	1.4587040332147094	25.033115856069593	57.16093317516805	3.858615065243179	1618560.0
SRZ187352	17.58433861024431	2.839352309917041	22.06741380622574	51.603646586498215	5.905248687114697	1681792.0
SRZ187353	5.951749637625331	1.6959067838272501	10.479882119002975	33.959092519105965	47.91336894043848	2998278.0
SRZ187354	27.088461220781365	3.7487954626799924	10.621403595715977	22.031056413645	36.510283307177666	726420.0
SRZ187355	9.710247811151094	3.245996970018414	22.394175037194792	51.0421885497159	13.607391631919795	3676590.0
SRZ187356	5.573198771661806	2.368408869959724	22.425402116157173	53.56717024417594	16.06581999804536	1944090.0
SRZ187357	9.42338122164908	3.761618102824462	17.833652002078935	57.33547420575602	11.6458744676915	26779114.0
SRZ187358	10.331059609611865	5.202285596578901	20.81266132960268	57.561436672967865	6.09255679123869	9320980.0
SRZ187359	8.877342170131703	7.1327628616455945	21.550721606724554	53.492352535052156	8.946820826445991	2285594.0
SRZ187360	8.325648808279594	3.3567525640516247	22.94014707990927	60.00335136274356	5.374100185015953	5788690.0
SRZ187361	8.209896428974115	0.9343620636889326	19.739284506225538	68.18122513409467	2.9352318670167357	12416600.0
SRZ187362	12.707744226139022	1.8847767375304627	16.664041629427768	33.53979556454173	35.20364184236102	3276144.0
SRZ187363	12.128446557276492	4.894218678116853	17.848428155190923	47.26134028523233	17.867566324183407	1630250.0
SRZ187364	11.475076338858225	10.91450458855102	20.299560666274868	39.536541962740884	17.774316443575	973292.0
SRZ187365	16.425164439376452	8.95551445536844	16.714063217032166	39.02879948825632	18.876458399966626	575288.0
SRZ187366	10.241812972539288	1.6414609177537764	19.727168501838094	67.29042766107165	1.0991299467972002	4561790.0
SRZ187367	12.790393358611833	2.0340468524616107	23.201950055689792	56.96061544828761	5.012994284949149	657212.0
SRZ187368	12.651146990271107	2.1658346937427457	20.18098949732479	54.44858596057486	10.553442858086493	1059730.0
SRZ187369	30.105113876723863	3.6207681491658175	12.654357048753662	31.246902786786833	22.37285813856982	496414.0
SRZ187370	17.55860475331099	5.284979040744029	17.961557191555187	33.41468771186036	25.780171302529432	1047270.0
SRZ187371	9.039349964517589	1.7991201271344133	16.446452241925833	49.90997297200554	22.80510469441662	3520054.0
SRZ187372	21.026793278315758	3.8191780171441585	17.306038227393746	38.44237022359928	19.40562025354706	1853226.0
SRZ187373	11.273623064650232	1.499498138618608	21.332198527373915	51.471315251342666	14.423365018014577	2136048.0
SRZ187374	27.65589033212759	5.525140784281486	13.064550106872739	37.52890188260441	16.225516894113778	1556992.0
SRZ187375	11.377364961339449	2.4908352837816974	16.88070360972997	41.07446135516196	28.176634789986924	1463766.0
SRZ187376	6.807036124605714	3.6364054981235467	16.409181958418714	31.76662906085235	41.38074735799968	1737320.0
SRZ187377	30.70896549457502	11.918113807510753	11.315840286593458	28.519664271540726	17.537416139780042	486822.0
SRZ187378	14.818519453979771	3.272705876950277	19.21044625328634	44.35983835229556	18.338490063488056	1393648.0
SRZ187379	4.87006404968216	4.114153353927183	4.39656608598434	13.855084332416045	72.76413217799028	996414.0
SRZ187380	20.022010759984706	3.7635257317156197	20.50629236902962	42.46221249286446	13.245958646405596	2673238.0
SRZ187381	24.047016535113343	2.2863207959332974	22.649644403401254	41.31782334790214	9.699194917649962	2334668.0
SRZ187382	8.325522937075004	5.939169104556043	11.14638316562223	23.591677712331666	50.99724708041506	2040016.0
SRZ187383	15.293887955779379	2.0717338897835353	17.121090228843375	44.21715958388085	21.29612834171286	1444394.0
SRZ187384	12.12214183544435	1.898982151371297	22.56162026576007	54.95978357760318	8.457472169821099	1929560.0
SRZ187385	12.263980207011425	1.789973676538958	22.98366514910306	58.298392524093714	4.663988443252839	1845502.0
SRZ187386	11.84417293557678	3.7907024723908926	18.43318600599307	49.32830184563621	16.603636740403047	2200542.0
SRZ187387	2.097454550669662	1.1044801270663065	7.913946997144235	17.757104006855272	71.12701431826453	2231276.0
SRZ187388	8.26570426524598	1.9723288374589718	7.540932824974911	18.86782044508944	63.3532136272307	942642.0
SRZ187389	11.057397286715624	1.6785890229813862	23.282878190298668	57.292708012226775	6.6884274877775445	1388428.0
SRZ187390	13.835157443437918	5.417795603276483	16.5083012201945	50.34150987282568	13.897235860265413	1272584.0
SRZ187391	2.343643507346542	2.8752548334089783	2.647571199817853	7.418591866601357	84.71493859282526	1335186.0
SRZ187392	16.572189896991823	3.290816594943235	21.93684830757252	54.019449500741786	4.180695699750634	1520656.0
SRZ187393	28.080099852349306	2.034154278107476	16.639506550864237	39.07436768396005	14.171871634718931	1541476.0
SRZ187394	30.259667301270248	34.18744733310446	7.612121968727568	19.62953715551949	8.311226241378234	128164.0
SRZ187395	27.78717121166586	4.1191151298166755	16.38760763612131	27.805987116331945	23.900118906064208	765310.0
SRZ187396	10.5438568921715	6.9327676069249105	6.165533904297949	9.681189596919934	66.6766519996857	1221792.0
SRZ187397	5.376850130597454	3.0849236416688237	22.193640913352397	57.75070190713153	11.5938834072498	1614886.0
SRZ187398	8.8598057818953	1.6069236043563535	20.420606572799898	62.1220879243538	6.990576116594646	1003408.0
SRZ187399	25.286766206204625	3.7763153069543214	12.381041037257274	21.970724882157636	36.58515256742614	2126994.0
SRZ187400	12.572233022725749	6.053496011262318	15.932157940604679	41.30723335791379	24.134879667493465	298340.0
SRZ187401	6.451211192567166	1.663923390400699	15.825635916705469	62.727448283828025	13.33178121649864	2216328.0
SRZ187402	7.13701482297566	2.3086786979325424	17.319987272478837	64.75370048855717	8.480618718055785	4186204.0
SRZ187403	13.760563224722468	6.675937315777775	6.576224340044372	38.71555605256727	34.27171906688811	5794632.0
SRZ187404	8.172766589435067	5.48644476764616	10.455845192085967	49.50331962281927	26.381623828013534	7086046.0
SRZ187405	4.872162369320108	1.8048000729442404	20.89162936347602	58.345761398249905	14.085646796009723	3509530.0
SRZ187406	43.176130999077444	2.2729523591154286	10.861348585587148	29.48679703270115	14.202771023518826	3332054.0
SRZ187407	40.73029358691766	8.390409512790413	10.47020637507847	21.465429148122187	18.943661377091267	710454.0
SRZ187408	25.465183570437013	3.737800137043204	18.50047752100915	33.94961354526509	18.34692522624555	1126652.0
SRZ187409	4.210044289894892	2.6830418742325497	9.533692958253457	18.90513090203991	64.66808997557919	3633786.0
SRZ187410	6.151442974897207	3.0331196788081822	19.073991595825024	54.4971803196857	17.244265430783894	1859076.0
SRZ187411	14.544110102154972	3.428490784883593	15.105822789276154	44.79280137480687	22.128774948878412	1360482.0
SRZ187412	2.3816648790170283	1.6803346211135433	7.613426089373515	27.707000301490755	60.61757410900516	3568932.0
SRZ187413	16.924776245472117	11.424719393141984	9.443334470379936	17.01573997368549	45.19142991732047	615630.0
SRZ187414	16.150613904239812	2.1687187031720945	19.71576421434935	45.26933619150672	16.69556698673202	1171844.0
SRZ187415	7.549482337380528	1.7032822219311734	17.715169948241822	55.77497400772573	17.257091484720746	1236906.0
SRZ187416	7.5094477053545665	0.7449379691335544	25.527250540375636	47.999782430815365	18.218581354320875	845708.0
SRZ187417	8.179172916413298	5.617565053668995	11.672499763523101	37.00322959880005	37.527532667594556	888036.0
SRZ187418	7.13295614042735	1.0432376983677254	28.596917944560197	58.56239520401254	4.664493012632184	1376484.0
SRZ187419	6.291373866992566	2.2904148419730452	20.265556573989205	49.25611908884136	21.89653562820382	942624.0
SRZ187420	42.79974231894144	5.926194126000395	11.0553638099179	24.416926071868563	15.801773673271702	850664.0
SRZ187421	7.876442760290174	1.2220446652479688	20.30929853568236	52.39612917006178	18.196084868717712	2022512.0
SRZ187422	11.75626057235701	2.5892086465512403	16.85150197617896	38.04518622046087	30.75784258445192	2993656.0
SRZ187423	5.898170543765591	1.499367608497277	21.742576422197626	41.75788135940639	29.10200406613312	1317222.0
SRZ187424	7.6482372525999684	1.9072182716620132	6.004108041907705	10.214648231169615	74.2257882026607	1972716.0
SRZ187425	4.403206539296635	2.1170071298167583	5.206494218762913	11.804542346904277	76.46874976521941	1331030.0
SRZ187426	17.558724514884442	8.7472103491319	21.018837235692402	34.78505503650187	17.890172863789385	422992.0
SRZ187427	9.849329079335034	4.238151211757086	21.61928169072444	51.10686098977427	13.186377028409177	917098.0
SRZ187428	8.278550568865892	2.1989135098879764	19.615250021871447	55.95726111173601	13.950024787638675	1920312.0
SRZ187429	7.701748722668169	2.198330195153566	17.182343319909283	37.76089144774785	35.15668631452113	2410102.0
SRZ187430	26.436171467121536	5.385963784698316	18.820101198653337	38.71008014604123	10.647683403485587	4325354.0
SRZ187431	1.2280694507206074	0.453482198726823	5.546648193794178	90.09129990926405	2.6805002474943445	22271216.0
