	Eukaryote	EukaryoteVirus	Plasmid	Prokaryote	ProkaryoteVirus	TotalCnt
SRZ187075	18.719117264610087	10.358023009572873	21.636181253018613	20.727191668008274	28.55948680479015	161498
SRZ187076	25.94045137548573	20.38292287500965	21.231117630407372	16.387452070305464	16.058056048791787	194295
SRZ187077	20.042957163711424	6.481231810616556	34.98823791945997	25.446540646588996	13.041032459623056	215098
SRZ187078	20.630880088096585	12.460001436357398	25.73832760120335	19.905918590454608	21.26487228388806	501268
SRZ187079	18.475613210219226	9.210898997337564	29.108366849827224	23.716931966238032	19.488188976377952	70612
SRZ187080	17.598448539947626	16.38297346706853	26.35629230693216	21.35604525915312	18.30624042689856	80956
SRZ187081	12.999779209184897	15.742385116779142	29.19814535715314	20.944408712597557	21.11528160428526	104171
SRZ187082	16.673566919675945	8.176544251066984	33.46878274425618	22.72943341255846	18.951672672442434	195645
SRZ187083	19.91153673624803	9.732523811014094	30.269458266829407	22.74277845585704	17.34370273005143	191718
SRZ187084	16.494458776277327	11.321445190904532	32.83350124920372	22.800565643057546	16.550029140556877	221341
SRZ187085	18.88330528219841	7.935576226213935	32.87373395544961	24.687793863090498	15.61959067304755	166957
SRZ187086	19.22099133645789	11.964209629314018	27.42295128532879	21.76111347819912	19.630734270700184	140820
SRZ187087	16.374299113536587	11.836205524717071	31.810650666017654	22.61230564734295	17.36653904838574	213658
SRZ187088	20.051356893462156	8.893240472187841	30.090890617206405	22.808557019083334	18.15595499806026	108262
SRZ187089	19.479023720839052	10.170391426517677	29.732732144024048	21.514572306083775	19.10328040253545	122424
SRZ187090	15.885269954868226	8.922966439047341	35.911024163143004	21.449664761928346	17.83107468101308	161527
SRZ187091	19.27191251846491	7.790456740063648	31.607958995508938	23.304946117164185	18.02472562879832	100867
SRZ187092	17.700547488693168	10.219471554391811	26.830754582242324	20.38943108783623	24.859795286836466	105025
SRZ187093	19.02015696084834	25.119270320231124	24.046667625994843	17.102976500149435	14.71092859277626	90341
SRZ187094	15.500724999405739	7.972616415888184	34.11300482540588	23.27208474965731	19.14156900964289	126207
SRZ187095	14.744013957405848	9.843129587293948	28.11484779208278	20.38788954397786	26.91011911923956	132976
SRZ187096	14.512116611958449	12.683299024789578	32.8781821505496	20.794156685397276	19.1322455273051	125819
SRZ187097	16.54541871245812	8.733280207021242	32.40019536772834	22.20679845419569	20.114307258596607	116703
SRZ187098	15.60117551854849	9.820122946746737	24.75261581271207	18.994278575180658	30.831807146812046	70437
SRZ187099	14.252935177679575	12.032921057448421	33.10998091153937	21.438563920194547	19.165598933138092	152972
SRZ187100	15.42511388531488	8.46054873595994	32.4345376777828	22.251973432555552	21.427826268386827	143785
SRZ187101	16.95402030901784	10.939641748179369	31.47757895620227	20.21157558069058	20.41718340590994	214486
SRZ187102	12.636266182897666	9.973337731233336	36.14469091009043	24.003188477501993	17.242516698276575	181905
SRZ187103	17.784487918384364	9.46353995036887	31.496264215148926	22.27818987605668	18.977518040041158	148697
SRZ187104	19.582324883585976	11.117008478054718	28.591142626640057	20.019673616123875	20.689850395595375	141306
SRZ187105	15.127932329839494	12.007775763784906	33.83705046365618	21.008353692174325	18.01888775054509	152268
SRZ187106	16.8959211852073	8.593499272306602	31.667723998955108	22.305481956935477	20.537373586595514	133985
SRZ187107	15.526154161121916	10.631845634148839	32.80082403521343	21.819659125806123	19.221517043709692	156304
SRZ187108	15.002284183087832	11.276186527542642	35.047046493682984	21.341947966693155	17.332534828993385	260487
SRZ187109	19.356699085118095	9.307416048444177	29.593414947440166	23.114530631504444	18.62793928749312	76294
SRZ187110	19.606154871680925	9.765581602044218	31.627041439840017	20.982390845461616	18.018831240973224	216024
SRZ187111	20.272594455643297	13.831302128603925	31.275004777492157	19.603437328549678	15.017661309710947	324438
SRZ187112	18.843835763870203	8.466071140289513	31.917612871979767	23.56992950546198	17.202550718398538	74332
SRZ187113	19.770833333333332	8.44150641025641	31.80048076923077	23.25	16.737179487179485	124800
SRZ187114	17.442191468862223	10.822676710169047	33.674564246299376	21.094092143295086	16.966475431374267	182672
SRZ187115	20.657292482784214	19.62063420065152	25.876871056863635	16.296235206795597	17.548967052905034	121255
SRZ187116	18.856906163634758	9.136466418138482	30.15746908676078	22.002213666333937	19.84694466513204	147267
SRZ187117	14.169294703645848	11.53217011995638	34.618615343806184	21.878039435291345	17.801880397300245	135716
SRZ187118	19.843869360931762	7.802346145394042	32.37094630654765	22.374190307761534	17.608647879365012	95561
SRZ187119	16.08689555490837	8.714364301200531	31.294696307801832	22.618084544111145	21.285959291978124	92709
SRZ187120	13.468454468765263	12.287439506282468	34.444789770456865	21.054033654486524	18.74528260000888	45046
SRZ187121	13.442709711563905	11.650701243715268	34.0418100026462	21.5115109817412	19.35326806033342	94475
SRZ187122	16.446994706468317	8.458948373659123	30.448921123908157	21.798154261581143	22.846981534383257	121469
SRZ187123	15.416718909527306	9.524619821239858	36.21504952623189	22.305163982876284	16.538447760124665	223316
SRZ187124	16.250070712213414	6.884541097938436	38.05690918935519	24.804228186292338	14.00425081420063	123741
SRZ187125	16.516714261716782	9.512514698471358	30.695783638501595	20.577859902570133	22.69712749874013	148825
SRZ187126	15.468167373402466	17.943546403518265	27.856868783266595	21.20207396621442	17.529343473598253	101641
SRZ187127	19.185269005246372	8.758358193601481	29.32825840962864	22.787779035078696	19.94033535644481	48605
SRZ187128	12.911299676454428	9.977005880796858	28.528986834340596	19.506338644364405	29.07636896404371	49143
SRZ187129	13.986922876967068	10.223750774829538	30.608266181440083	20.10057787286797	25.080482293895344	100022
SRZ187130	13.788728851558997	10.35576407799906	33.173113728578144	22.063825366099064	20.618567975764734	182874
SRZ187131	18.894877585800785	11.328336081360066	28.69217020215316	19.729677303146605	21.354938827539385	144346
SRZ187132	16.49306259203718	14.27606425377268	28.04009781272376	21.444493981275077	19.7462813601913	74019
SRZ187133	19.362902800485205	16.621486208533305	24.000843837350352	21.32376984336269	18.690997310268447	94805
SRZ187134	14.85580893095344	9.917900019056088	32.188115352855235	19.775455758114717	23.262719939020517	125944
SRZ187135	15.307115400123653	10.77928012687831	34.8237950592726	21.520926856804923	17.568882556920514	186005
SRZ187136	16.4369012008497	8.613314836490803	30.623112382769037	22.025693270328464	22.300978309562	138402
SRZ187137	15.166793758464882	9.783412813129532	28.954167283156732	20.234911168523723	25.860714976725127	87863
SRZ187138	15.190275348079274	11.040882839272449	36.31107862637494	20.824846030338612	16.63291715593472	166916
SRZ187139	15.483623090961483	9.214030614472454	30.71052470725893	23.105805922057964	21.48601566524917	114521
SRZ187140	18.469020465152028	8.797069209190317	34.4619838345367	20.803747176594662	17.46817931452629	234203
SRZ187141	13.805319687341843	12.317381769105324	33.94927739976382	20.23393128268571	19.6940898611033	88915
SRZ187142	20.05945977020934	8.009001092285834	30.71047855259808	22.876407447254092	18.344653137652653	121763
SRZ187143	14.180676404582858	9.215914012362692	32.92944604118272	24.115122642623724	19.558840899248	101596
SRZ187144	14.658737482484023	11.977511193137154	33.10348952459072	20.742335691582078	19.517926108206023	117036
SRZ187145	18.494681586860136	6.874258297962185	35.552190341674375	26.916048429957847	12.162821343545463	137353
SRZ187146	29.189139827291978	10.013184254233515	28.138394717166356	19.085777557088964	13.57350364421919	175209
SRZ187147	16.613306552172713	10.814016971886522	34.985811826398766	23.51057878311978	14.076285866422221	148363
SRZ187148	19.76493463989373	7.609302504668579	33.52039735864313	25.673334231754037	13.432031265040525	103886
SRZ187149	24.872582642659808	11.413975421549013	28.464084976659997	19.330523006573305	15.918833952557874	83976
SRZ187150	19.211439899188626	23.760403643952564	26.25279547344985	17.030348008427513	13.745012974981446	200771
SRZ187151	26.337415646088477	8.970757310672331	29.932516870782305	21.149712571857037	13.60959760059985	200050
SRZ187152	26.227198033947563	8.908675108859427	30.24804833212243	20.78690858733866	13.82916993773192	205081
SRZ187153	21.052547985673783	15.133057503394932	29.942107478379643	18.655448170707494	15.216838861844144	251846
SRZ187154	20.52116729667014	9.990406454734046	31.078166894889183	24.211812360094132	14.198446993612503	121957
SRZ187155	20.82144959029381	8.40293811399339	32.14948616958667	24.335076282312464	14.291049843813664	176712
SRZ187156	19.94994555320687	8.66481822091672	33.67511278264291	24.181696726786907	13.528426716446592	218562
SRZ187157	18.050081852907294	8.122233674892378	34.896016491845025	24.510398350815496	14.421269629539804	164930
SRZ187158	14.336298226729363	8.726134496629086	37.43768058466942	23.220355787207524	16.279530904764602	141208
SRZ187159	13.509494804729488	11.426012182013615	35.55416218798519	21.78191806998686	17.728412755284843	167460
SRZ187160	25.401488877598357	21.6527866752082	24.893414919702224	18.59992489341492	9.4523846340763	90538
SRZ187161	22.485798247431994	12.694161472199637	28.455582657122665	22.422029854236083	13.942427769009624	188181
SRZ187162	14.76102551684475	9.160638072464208	37.14804613009656	23.966461845809246	14.96382843478524	165185
SRZ187163	18.69124614574716	13.534067834849965	32.42272693088667	23.392494547642325	11.959464540873881	106376
SRZ187164	21.354839164885096	9.020736758179343	33.51466531196861	21.88260694706094	14.227151817906003	141729
SRZ187165	13.93070576784886	10.790270791453286	35.89146511183678	23.364745263196195	16.02281306566488	219874
SRZ187166	21.007300467558036	6.595029119842507	35.42914171656687	26.609794110409318	10.358734585623274	73146
SRZ187167	19.412726253117132	8.864588180549093	30.324778370380976	22.62889119566644	18.76901600028636	167622
SRZ187168	14.644580004594298	11.647055820720285	35.898312871691466	22.619260318027514	15.190790984966435	195895
SRZ187169	20.262442187427975	5.825048785359782	35.87068422427436	26.918762772544984	11.123062030392894	65081
SRZ187170	17.198031935983852	9.16086940849944	33.76166961035216	23.88079876004758	15.998630285116967	110972
SRZ187171	18.64127310682843	27.181345112395245	22.687048074304904	16.41908450065047	15.071249205820955	132212
SRZ187172	22.68262894073942	12.324750006361162	29.652553370143252	23.625353044451796	11.714714638304368	157204
SRZ187173	22.10507695029188	8.637891385105254	32.55970281266584	22.89050061914028	13.806828232796745	169590
SRZ187174	17.25691374211056	9.707442753910419	35.280665914565354	23.393145714547064	14.361831874866605	131188
SRZ187175	21.242879037621815	7.057343628003817	33.4547873109511	27.480408316705706	10.764581706717562	69162
SRZ187176	17.32234294991882	10.300545845914236	28.82551297026866	22.223201757285903	21.328396476612376	136119
SRZ187177	13.845610500292382	11.199694301148108	34.92146202791818	23.30316873071289	16.730064439928437	172719
SRZ187178	22.0894280762565	11.105719237435009	30.20311958405546	24.2051993067591	12.396533795493934	72125
SRZ187179	18.062570853686765	10.46942978733507	30.573773897353412	22.324772526278927	18.569452935345826	168481
SRZ187180	23.208366511731263	17.00338882613285	29.844817688561324	17.423288457621155	12.520138515953409	216004
SRZ187181	19.287816162337773	8.447721590039292	32.920855232943815	23.943290639723767	15.40031637495535	117582
SRZ187182	18.421897678959063	10.054846955159082	30.795216626205796	22.37357584165029	18.354462898025766	155706
SRZ187183	21.979437311430697	24.477353857398157	23.4211429360881	17.11462785277222	13.00743804231083	224387
SRZ187184	22.77967860675542	8.556973519920868	30.375066889360944	28.239472019977622	10.048808963985147	61669
SRZ187185	18.217716115261474	13.835481487562598	28.672522781380838	20.14284541499056	19.13143420080453	121810
SRZ187186	15.44867391871529	11.96055567092099	34.82261233487213	22.20500614986502	15.563151925626567	187809
SRZ187187	19.32281260726828	9.621799554644111	31.05961255797988	23.90223294049306	16.09354233961467	113617
SRZ187188	23.545491187570995	11.921146165402513	27.991645597449708	17.96049979846836	18.581217251108423	136455
SRZ187189	22.33991532285097	14.601393408384173	29.863908041234986	18.102963700216076	15.091819527313795	193913
SRZ187190	22.333863275039747	9.607489842783961	31.684861331920157	23.34004592828122	13.033739621974917	141525
SRZ187191	18.605099696514166	10.806364693536036	29.223700258104774	21.45503020676745	19.909805145077573	176285
SRZ187192	21.248354634622732	17.616237102458495	28.178845908878603	17.396288904929726	15.560273449110442	117755
SRZ187193	19.04258064516129	6.295483870967742	36.09290322580645	27.545806451612904	11.023225806451613	77500
SRZ187194	18.573647660818715	11.945358187134502	29.335709064327485	23.819444444444443	16.325840643274855	109440
SRZ187195	23.259839875140145	11.45248361461374	31.88569001368124	20.974776136358024	12.427210360206848	404934
SRZ187196	19.09341235340984	6.268957130676656	36.42564611492389	27.08021749157849	11.131766909411123	71543
SRZ187197	17.52108104293829	10.000705641604629	30.53664044032036	26.517129449952368	15.424443425184348	113372
SRZ187198	16.175576880388068	10.938256240060845	34.25292124732075	22.551192334705256	16.082053297525082	274797
SRZ187199	24.51602749068779	7.594040186768795	29.814805099417658	25.878757672734903	12.19636955039085	76244
SRZ187200	17.638460893932763	9.344927212410663	35.4202936329867	22.38493788771688	15.211380372952995	322239
SRZ187201	20.66021649880953	22.643041081950276	24.18735264758546	19.079006140735878	13.430383630918858	257461
SRZ187202	20.213284873989767	9.083735832815265	30.905743388647124	25.141791401654633	14.655444502893214	209110
SRZ187203	20.508467633659357	8.924125815245837	30.63094224896345	25.278196241563087	14.658268060568272	219719
SRZ187204	21.189484140361287	16.968936952486256	27.45513140329823	20.640228691630373	13.746218812223855	222483
SRZ187206	27.464984807582894	8.989552943455156	28.62711392497004	24.048809422930262	10.869538901061654	82607
SRZ187207	24.28378128437509	9.664450436594079	29.707379754105542	23.732319643326488	12.6120688815988	205454
SRZ187208	18.900178424522153	7.6487494257294575	32.8183595628065	25.751893757278545	14.880818829663344	187194
SRZ187209	15.51531821581129	7.982330498269809	34.37123699187507	24.800679401214303	17.33043489282953	157786
SRZ187210	13.33035320278069	8.522600278527586	34.911083220145684	25.70993013886262	17.52603315968342	174489
SRZ187211	12.515879634320275	8.697753080454216	35.029499099829316	26.444754459936558	17.312113725459632	128309
SRZ187212	25.663828679778415	11.407220136074654	27.605309142283527	22.437446555377925	12.886195486485482	134485
SRZ187213	18.429160512474354	14.30690984915824	30.735762930487144	22.13704745801226	14.391119249868005	149627
SRZ187214	18.303508161661448	11.533258609361111	31.311276878083973	24.654401628467255	14.19755472242621	155238
SRZ187215	20.29365184410985	9.569928298562777	31.179399643090235	24.645029963076727	14.311990251160413	219103
SRZ187216	16.90678034872838	8.874017409369031	33.28338103146995	25.57305388897605	15.362767321456587	184843
SRZ187217	15.884033880740205	8.963210359174838	32.71410175508801	25.84509462905104	16.593559375945905	194919
SRZ187218	17.096326541504876	7.295544613906569	34.8718359286391	28.058657913347478	12.677635002601978	149886
SRZ187219	17.85922770907204	9.026636685981147	33.90502032344547	26.06373778431203	13.14537749718931	185008
SRZ187220	12.932784481786399	8.687643321679635	37.11420623284839	25.753731062742002	15.511634900943573	106404
SRZ187221	12.041048826215274	9.346322559810543	37.91454739542686	25.410622819056847	15.287458399490477	111477
SRZ187222	13.00592112273011	9.17850130142929	36.8129442744722	25.421252111968585	15.58138118939982	131394
SRZ187223	13.056686788796208	10.991658700747704	34.249086647373865	24.079772676679717	17.622795186402502	76367
SRZ187224	17.320044066598765	12.075703090897752	32.11145523706583	24.16179924754204	14.330998357895613	96218
SRZ187225	17.66990291262136	9.221143473570658	33.52966558791802	24.6084142394822	14.970873786407767	92700
SRZ187226	16.912558812204765	8.931942187954885	34.5022210118047	25.118563526572316	14.534714461463333	106483
SRZ187227	13.28503566719095	9.786632349903881	36.89210873329838	25.260950383680473	14.775272865926315	125886
SRZ187228	14.189182926264078	11.008017796727998	34.42461880706308	24.10622422023451	16.27195624971034	107885
SRZ187229	14.058771521195585	9.802542139237739	35.89987355851959	23.87842604124084	16.36038673980625	105187
SRZ187230	26.83605190742831	8.898627064751492	28.723930091701156	23.876974378269114	11.664416557849929	135549
SRZ187231	21.683367383338197	14.08048772578396	29.041411291630183	21.771735253105035	13.42299834614262	123348
SRZ187232	20.996993270653366	10.778408819739417	32.60535484178877	22.52183458216007	13.097408485658379	209530
SRZ187233	17.91357742430676	10.614364568703662	33.20377568017768	23.803769147859033	14.464513178952869	153085
SRZ187234	15.58451668147879	7.864264724007966	36.28018916271496	27.171057326162966	13.09997210563531	154153
SRZ187235	14.63016905242532	8.584785939256854	36.15196964815265	27.179895188811372	13.4531801713538	152083
SRZ187236	11.38638762044717	8.896077638495754	21.913741579793477	15.826536348663122	41.97725681260047	101393
SRZ187237	13.356296713366232	9.98134225372327	30.296205522251295	20.077501407611035	26.288654103048167	90579
SRZ187238	10.85130215625875	9.080628136914891	31.62010210456024	21.824311225039313	26.623656377226805	92846
SRZ187239	13.792395437262357	9.179467680608365	33.46463878326996	21.54448669201521	22.019011406844108	131500
SRZ187240	14.605099441075978	8.478166413208777	34.539233306341714	21.593624711156757	20.783876128216775	202532
SRZ187241	12.529776410904173	11.092957321049777	32.66995723180636	20.753214479401933	22.954094556837763	145669
SRZ187242	11.50134972144047	11.451572760515383	32.58380717171137	21.381119215821414	23.082151130511363	104466
SRZ187243	11.817898886506674	7.43481568573207	33.23881319593333	24.830555363441455	22.677916868386472	115672
SRZ187244	10.92737888878752	8.779612565763465	32.25450840860019	20.225496457135907	27.81300367971292	131532
SRZ187245	9.340363283354783	9.126614802972885	28.87474784358955	19.524142445549803	33.13413162453298	224563
SRZ187246	12.956347477563824	9.511051087682612	27.35616159855944	23.86875199674712	26.30768783944701	137724
SRZ187247	10.007876496534342	10.368620037807183	28.282136105860115	20.142564587271583	31.19880277252678	126960
SRZ187248	11.212259217183723	10.480589739611744	26.79852064639145	18.493921938573795	33.01470845823929	199817
SRZ187249	11.954585419931954	8.646354982988646	25.033831568485034	19.325662295959326	35.03956573263504	130795
SRZ187250	8.989243470667619	9.409978566325316	20.385806144320075	17.200523934270063	44.014447884416924	100776
SRZ187251	17.631973062127425	8.88010101702215	29.795616722624093	22.943197501982166	20.749111696244164	204322
SRZ187252	14.675417661097852	9.959427207637232	31.690930787589497	20.946300715990454	22.727923627684966	83800
SRZ187253	12.193268438700096	11.257555893306726	32.37112923623116	20.5618916128134	23.616154818948615	172382
SRZ187254	11.416215485712838	11.18224895052917	35.37117903930131	21.147365131384458	20.882991393072224	118393
SRZ187255	12.623224005280642	10.492571391470896	35.74767619274345	22.67213487279928	18.464393537705735	184826
SRZ187256	12.6057747124381	11.141975653651393	35.9052750421981	22.408030494416437	17.93894409729597	178918
SRZ187257	13.156172543684718	10.392608509695405	37.75153173486687	22.8495163891766	15.850170822576406	194061
SRZ187258	16.13647800852149	7.5324588183983625	34.73747777367733	24.558660717281175	17.03492468212165	149035
SRZ187259	14.860621241562221	8.010019431065762	34.56611627328735	24.20410907182127	18.359133982263398	108589
SRZ187260	18.838577029740843	24.540977335755954	25.032514105383953	17.38978674572057	14.19814478339868	209140
SRZ187261	14.765631034503247	10.233329174168018	28.57049488125583	19.67879360439208	26.751751305680827	168303
SRZ187262	12.12776681086984	10.241925322357092	34.75471460372128	22.371267167877694	20.504326095174093	190472
SRZ187263	11.6106148336664	10.354074504244453	34.10877870201149	23.08117125272573	20.84536070735193	175641
SRZ187264	13.878250673871623	13.669238955196299	32.87601399358946	22.521012687266214	17.055483690076404	156929
SRZ187265	12.592741126930019	9.579191612478157	32.54175141081097	21.610472943939957	23.675842905840902	34909
SRZ187266	11.019987346814444	8.29252290460904	37.209738266513575	23.879372964360194	19.598378517702745	42677
SRZ187267	13.445147852777549	11.562388665077146	30.672257392638876	19.586724766367947	24.73348132313848	36489
SRZ187268	12.972902522541736	10.902972784037726	29.38541925852202	20.147158141684145	26.591547293214376	84399
SRZ187269	14.137426303788757	10.518949621240838	30.919460465007784	22.25261107644579	22.171552533516834	171481
SRZ187270	10.880670563459574	9.5496910598489	37.51346617643993	23.44887023123597	18.60730196901563	143879
SRZ187271	11.865699698685221	10.4588375679048	36.607293670210154	23.068288935263638	17.999880127936184	183529
SRZ187272	9.984885233224366	8.483953741783543	39.24355864881015	25.878589757109214	16.409012619072726	142245
SRZ187273	12.63143202754257	8.546571136131014	30.37964082999907	23.557271796780498	24.88508420954685	107470
SRZ187274	9.769085913623314	8.594449418084155	27.45654925446856	19.636958602167134	34.542956811656836	64786
SRZ187275	16.49228130360206	8.170383076043453	30.005717552887365	17.564322469982848	27.767295597484278	69960
SRZ187276	11.243826485251061	9.3669849042727	34.68665776035824	22.241876096802574	22.460654753315428	214829
SRZ187277	11.119732675869491	9.339449082011939	36.0950152059372	24.613593982704028	18.832209053477342	159806
SRZ187278	10.912583123507005	9.663309445412875	36.106806981298554	24.8224546452321	18.494845804549467	185868
SRZ187279	9.419926326200066	8.884572935628592	36.37536371063683	26.926053865007813	18.394083162526695	139534
SRZ187280	9.212812570824205	8.6481075772456	39.12990103497771	26.757384603762183	16.2517942131903	105896
SRZ187281	8.259151666869052	6.3536247045966165	42.95748993526813	27.816023239956284	14.613710453309919	107057
SRZ187282	9.867934873298529	6.993015328136547	41.27690767360366	26.333166464039667	15.528975660921596	167796
SRZ187283	17.112986060161408	10.91624809526497	32.56955810147299	21.680822845533044	17.720384897567584	141752
SRZ187284	15.978739048616044	8.336137386124301	34.0941663239491	22.633067883002454	18.957889358308098	160482
SRZ187285	14.87872149095013	8.938217064088404	32.42019880139777	20.55970982479646	23.203152818767236	165693
SRZ187286	14.105886708626434	10.714138796330577	31.173639392817474	20.00287959192069	24.003455510304825	48618
SRZ187287	12.991159820407708	9.20131626648819	30.173736021640313	19.985219889009734	27.648568002454056	71718
SRZ187288	11.712751752531434	11.750305997552019	35.35384444197174	21.96088794926004	19.222209858684767	71896
SRZ187289	11.671736199923957	12.087380318689295	35.75144308872835	21.75089004873665	18.738550343921744	115724
SRZ187290	12.222031140449513	12.47999153360761	35.25987856018414	21.66338153003585	18.374717235722883	75593
SRZ187291	16.251350062759673	6.130987710780069	34.682260905101536	25.55535014060113	17.380051180757594	102773
SRZ187292	16.460658804733978	6.816127472619874	34.37283218767737	24.28475331609594	18.065628218872842	95142
SRZ187293	15.026737967914439	8.288770053475936	29.78282221979701	22.69125832151042	24.210411437302195	91630
SRZ187294	15.173169292997388	8.580096064717283	29.854217578157918	19.902249936799528	26.490267127327883	118670
SRZ187295	13.558408026865159	9.256550833816764	29.05734992523838	19.509106210525456	28.61858500355424	122389
SRZ187296	11.550687909601663	10.295576776020173	33.36472164466325	21.984668179204085	22.80434549051083	158233
SRZ187297	10.83608764842698	10.08038519606643	35.793854816991065	23.347614967152243	19.942057371363283	122535
SRZ187298	10.975316653447738	9.93282380368688	35.72595957411013	23.747806859422692	19.618093109332563	166428
SRZ187299	15.478926185194533	10.537571563301144	25.695044033845623	17.737072114554415	30.551386103104285	75283
SRZ187300	14.854375189915379	9.731954586053535	25.903997200762422	17.01365549120174	32.49601753206692	108601
SRZ187301	10.45642905526557	8.896481651193369	27.591943260150614	16.727098856437024	36.32804717695342	100388
SRZ187302	11.9899229574948	9.533350909570261	35.20285906787357	25.169757154993118	18.104109910068253	170685
SRZ187303	11.389119976851015	8.483741454769053	36.97507867038015	25.440373277389952	17.711686620609832	110588
SRZ187304	11.340474811812392	8.580631152287204	36.77113491603937	24.746670526925303	18.561088592935725	138160
SRZ187305	11.224426244822968	8.232647214523713	36.96789462211565	25.622022233986236	17.95300968455143	128452
SRZ187306	16.61649214659686	6.332460732984293	36.75130890052356	28.04908376963351	12.25065445026178	152800
SRZ187307	14.72995754879857	10.014285811007522	32.35160698447518	21.417883668812923	21.486265986905803	147699
SRZ187308	14.243799684028387	8.532905350619822	34.27372503782465	23.579172622480794	19.37039730504635	119631
SRZ187309	14.229684167068053	9.316727447877245	32.73068189637377	20.774272345696	22.948634142984933	116264
SRZ187310	13.284702712471454	9.717088077283258	30.67754283930537	21.538764847947164	24.781901522992754	121734
SRZ187311	12.219680872660343	9.67938394077603	33.948219626737405	23.080566796140157	21.07214876368607	147778
SRZ187312	11.960004488274382	10.745676919048984	34.10091136904836	24.087695894475683	19.105711329152587	160418
SRZ187313	11.776375665974701	10.626962132755217	35.71311701725143	24.850443301393817	17.033101882624834	195578
SRZ187314	18.03175709203011	10.29202166408007	22.54985800103464	18.438222531910178	30.688140710945007	189438
SRZ187315	16.51722218786717	11.736029517861192	28.445983550800815	22.460989837775443	20.839774905695382	97026
SRZ187316	11.37662966211924	10.977343537312079	32.8427962128316	23.072385734595724	21.730844853141353	66118
SRZ187317	22.569390320344656	13.142455367655106	29.83825231577446	20.553928608147412	13.895973388078364	301519
SRZ187318	15.186083724771589	9.879729520466629	31.99814174366386	25.031745212409025	17.904299798688896	96865
SRZ187319	13.925656430264008	12.79111515354604	32.203579150609954	24.196366595658105	16.88328266992189	125337
SRZ187320	13.290326016763533	9.943611149946408	35.116872049904465	24.102072473320153	17.547118310065443	150207
SRZ187321	19.4834273973144	10.382819548624603	27.24321191725882	21.923383405664914	20.967157731137263	151847
SRZ187322	18.248650212109524	9.293651176243733	27.987008291554183	21.88885942923255	22.581830890860008	165952
SRZ187323	15.88354638354016	9.494529567717604	29.834082224517992	22.05100758018944	22.736834244034803	160682
SRZ187324	14.31156736844139	7.846824625015295	34.60034906261874	21.954879470352218	21.286379473572353	155273
SRZ187325	12.699135535659154	11.308274158690955	31.423278789749922	21.060512503859215	23.508799012040754	129560
SRZ187326	11.898094945211467	11.372869559587588	32.60362882993704	21.17410938283994	22.95129728242397	123566
SRZ187327	11.859010894168607	11.758048494520347	32.75985604715921	21.65236366004983	21.970720904102006	122818
SRZ187328	12.49431426826257	11.801629693165426	34.505568768113115	22.08663105774104	19.111856212717846	153894
SRZ187329	22.816060439895207	9.494303296167672	27.290562359105586	19.845853896301712	20.553220008529824	164130
SRZ187330	20.918462357009844	10.071827613727056	27.931630752859803	19.61093375897845	21.467145517424846	150360
SRZ187331	20.075032441252425	9.93087764829828	28.645947091850502	20.3621857052921	20.985957113306696	155666
SRZ187332	15.446871666434767	8.965841101989703	28.38806177821066	21.98819628032095	25.211029173043922	172488
SRZ187333	13.978961453054717	11.388287877925183	33.083755622615726	22.336730626886066	19.212264419518306	140504
SRZ187334	12.825605322970366	12.039061883832481	31.91702934660252	22.633378982010598	20.584924464584034	139471
SRZ187335	11.99690180441206	10.394015892595887	33.66132132304426	24.414068102928944	19.533692877018847	139436
SRZ187336	11.032976886291179	9.101853081827842	33.94576912858661	26.34248804463337	19.576912858661	120448
SRZ187337	13.902203305446275	8.735125003660787	27.930337670958735	19.931274832335973	29.50105918759823	102437
SRZ187338	14.092733417828475	8.591043514997887	26.997253907900294	19.63033375580904	30.6886354034643	94680
SRZ187339	14.487351431346251	9.530592424732923	25.38870646996254	17.713545761457706	32.87980391250058	108115
SRZ187340	13.731063409819887	15.441401431038736	27.54700222057735	17.61164569454725	25.668887244016776	101325
SRZ187341	12.067979885085315	10.499287839003168	33.324290019087854	23.86756712238511	20.240875134438557	103207
SRZ187342	11.164856588470062	9.681542719991171	33.516640151549986	24.885279972044177	20.751680567944604	108743
SRZ187343	11.76043189172292	9.53845373976665	35.069236163328064	25.080472782879784	18.551405422302576	118363
SRZ187344	9.991432965535749	8.516457995726805	36.90843594851522	26.881909106860853	17.701763983361374	96883
SRZ187345	16.689929400308365	9.073277610971354	31.773107197922585	25.17974519191755	17.283940598880143	123230
SRZ187346	14.799959175341906	8.400183710961421	33.82067768932435	25.4307001428863	17.548479281486017	195960
SRZ187347	16.51929017018957	8.87590091454182	29.194678295277896	22.42141602567985	22.988714594310864	99066
SRZ187348	16.52804341057688	9.385758128363653	32.60418983231775	21.96592981363697	19.516078815104745	112415
SRZ187349	14.23344120819849	12.935490830636462	32.680043149946066	20.48673139158576	19.664293419633225	115875
SRZ187350	18.241536808167652	7.588662009672219	31.010881246641592	24.163756045137024	18.995163890381516	148880
SRZ187351	18.814881906221697	8.07728930072691	31.786618360853712	25.83548154857289	15.485728883624795	86118
SRZ187352	24.122598234377705	17.94724770642202	25.027046910160983	20.02445040678553	12.878656742253765	92432
SRZ187353	18.75905428309015	11.884900533078314	24.953367483169686	17.20242773143458	27.200249969227272	105613
SRZ187354	15.98483719147305	12.151542900951934	30.697233639287006	20.86270417616117	20.303682092126838	93914
SRZ187355	28.629021098369883	12.573226196296945	24.897368008339715	19.959039456811535	13.941345240181924	108397
SRZ187356	16.615832199333678	11.835437098212191	32.27206606916616	22.819201351414762	16.45746328187321	85244
SRZ187357	23.426734853327652	10.703885219120677	26.212799204488956	25.734545540639722	13.922035182422993	168948
SRZ187358	19.106286376091546	9.324868133389842	31.63623698643358	24.41242252705521	15.520185977029822	238309
SRZ187359	16.324064681663582	9.605286711617639	34.10779282773435	24.509218927143625	15.453636851840802	134072
SRZ187360	16.742734338559988	9.741457099140806	31.932729151137092	24.09928465874168	17.483794752420433	229401
SRZ187361	21.09163786030371	7.116628781255464	30.994525670168265	23.947839186517278	16.849368501755283	148694
SRZ187362	26.232299887663764	10.12600261879378	27.333481206934795	19.879220658419136	16.428995628188524	139759
SRZ187363	19.07553452506134	15.477567472835611	26.7683140553803	20.23571678934455	18.4428671573782	114120
SRZ187364	13.016166688692127	13.130699088145896	31.79419408836615	20.9127351218008	21.146205012995022	113505
SRZ187365	12.51158820343837	11.493662055862025	33.86692612004002	21.953794046646536	20.17402957401305	108947
SRZ187366	19.443197126178717	6.969016614279299	32.992494707806785	28.438001154660338	12.15729039707486	77945
SRZ187367	19.53169804519163	7.029445017942289	33.35791181241705	24.793131134378736	15.287813990070294	61029
SRZ187368	19.38884770611976	8.647008758202235	29.740823106279	25.356230952969277	16.86708947642973	72846
SRZ187369	14.506537209687206	13.47823688420588	31.986539416340268	19.514536327025983	20.514150162740663	90635
SRZ187370	13.630167518363708	12.675319305635414	32.40540348474375	21.270891342408053	20.01821834884908	154789
SRZ187371	20.773536318040904	9.154884615111767	27.699467236083226	23.022353383511984	19.349758447252118	140963
SRZ187372	14.122540981011657	10.197607937241592	35.86764510348932	22.87845307365502	16.93375290460241	157939
SRZ187373	17.341025749798497	6.629618631485173	33.63339413736054	24.243838289568576	18.152123191787215	117865
SRZ187374	13.315025547139557	10.903902071292674	35.27000993167486	22.45515788969858	18.055904560194325	167142
SRZ187375	17.21467812138304	7.571361035488972	30.914692792983715	23.86335849241152	20.43590955773275	122686
SRZ187376	14.588542021343866	8.636774877666767	27.092311733289232	21.55302403860185	28.129347329098284	102793
SRZ187377	16.79564598213793	16.56381440226091	31.137189097291987	18.790501528984468	16.71284898932471	90583
SRZ187378	16.94888923411527	7.646582667636935	33.59034528997653	22.633950107519848	19.18023270075141	122303
SRZ187379	15.403517847904812	9.824306578057225	24.637868598034142	19.152174778144772	30.98213219785905	100516
SRZ187380	15.396797466127046	8.907888335696763	38.285495440477796	22.592665431472607	14.817153326225792	193222
SRZ187381	16.73693720825177	7.736452006893206	35.63720323244491	22.529237564623802	17.36016998778631	119538
SRZ187382	15.407076605977327	8.452686097825225	29.700340882065376	20.66696614961816	25.772930264513914	151372
SRZ187383	15.708226762068184	11.288891766762715	29.783404021109206	20.85408100495354	22.365396445106356	154435
SRZ187384	17.067046196243382	7.421676698817898	35.193813909638116	23.47523388207992	16.842229313220685	110312
SRZ187385	19.361030029189493	7.502299172297973	35.14034947418929	24.0633371986085	13.932984125714743	100036
SRZ187386	19.186215352844375	8.24836242780162	33.74044077312768	23.255138588622504	15.56984285760382	123964
SRZ187387	14.906465181799376	10.700107375410045	30.47688473397496	22.193216632352506	21.723326076463113	101513
SRZ187388	15.300395982482364	12.37117457320431	27.35032648886791	18.18634778276034	26.791755172685075	76266
SRZ187389	15.963470103288165	8.274898133232256	33.99507249123472	23.473182981142802	18.293376291102057	84424
SRZ187390	15.560170327019486	8.495374740419106	33.06273991567554	23.7304134415707	19.151301575315166	95346
SRZ187391	13.990483430469915	12.789650026747754	24.3348255764845	17.305797223864626	31.5792437424332	71034
SRZ187392	16.896993873771194	8.403381298380586	32.47494894809327	22.965047252695065	19.259628627059886	84228
SRZ187393	13.194256964044667	8.869799975457111	34.40258518427619	23.188121241870167	20.345236634351863	122235
SRZ187394	14.620036813042335	15.471995792795163	29.019195372074677	18.714173021298976	22.174599000788852	38030
SRZ187395	10.768039438094407	8.99245266556147	29.67782043451706	20.75735101649071	29.804336445336357	91688
SRZ187396	23.43291554736671	15.985538773582714	17.991375906729736	13.22335162921044	29.366818143110404	129173
SRZ187397	13.44005434501702	9.487488093567942	32.89645649814297	24.46928694316663	19.706714120105442	135431
SRZ187398	15.314799213704015	8.13254703734906	30.747542825049145	22.002808199943836	23.802302723953947	89025
SRZ187399	18.98909996358185	11.808796253165415	26.257484776367164	19.811472563583546	23.133146443302024	118073
SRZ187400	15.277510779117348	11.714222942355752	30.69920083486667	23.002773734655207	19.306291709005027	72826
SRZ187401	14.389294812575235	8.3965547810345	35.30696229108928	26.865615930871662	15.041572184429327	107163
SRZ187402	25.700578928981386	13.679692568747816	27.94268104007586	19.402854718770275	13.274192743424665	160296
SRZ187403	22.941437444543034	8.839285714285714	27.22382431233363	22.193877551020407	18.801574977817214	180320
SRZ187404	25.069131583035574	9.682046501993682	27.78468230542178	21.631712495468904	15.832427114080058	193110
SRZ187405	12.878846410485133	6.952863253566337	36.66425516073975	27.181417825008957	16.322617350199828	142373
SRZ187406	20.042440396208267	7.79640358026595	28.786043130603343	21.765021183484958	21.61009170943748	136191
SRZ187407	15.694638307840975	15.547247898954602	29.886089664125564	18.819119757147458	20.0529043719314	102449
SRZ187408	12.888255526788978	10.504443068291192	35.31474531631214	23.14051436629386	18.15204172231383	134029
SRZ187409	19.470943429817662	11.302167559307449	25.225138346957852	18.98060917169859	25.021141492218447	134806
SRZ187410	14.363814082038491	8.507196063230982	35.35676969227139	23.3927668610334	18.37945330142573	148345
SRZ187411	19.741872858020166	10.620257929039798	27.72935280017433	21.6119574476515	20.296558965114205	100958
SRZ187412	15.381845924376591	8.238682633703936	26.48190850099008	20.987167508164962	28.910395432764428	116657
SRZ187413	17.263981393381965	16.679881594248865	25.58145681361666	18.537900412305742	21.93677978644677	75672
SRZ187414	13.083147182923803	9.444527177959792	34.07793497145694	23.292132042690493	20.102258624968975	100725
SRZ187415	16.71443460135487	7.889153577011837	28.190836000893324	22.528474651976477	24.677101168763492	107464
SRZ187416	12.110961735837055	10.389291238417393	29.512699307573328	21.37271058299724	26.614337135174985	69177
SRZ187417	18.694682507399044	10.504537612388313	26.51873255438823	23.120081915475573	21.16196541034884	71293
SRZ187418	12.423344587611107	7.273938308183467	34.03500310066837	28.233308068628126	18.034405934908932	87078
SRZ187419	12.056343790639566	8.084807925537355	30.31547262445753	25.648406563700924	23.894969095664624	68437
SRZ187420	16.62954214963562	13.233699535173029	31.933528902487204	20.30192739285024	17.90130201985391	118969
SRZ187421	18.371462480340412	7.575333609934484	30.671851330097745	23.8558843678538	19.52546821177356	103639
SRZ187422	14.117078591964436	8.51199536131043	29.91374936580416	22.60346452127274	24.853712159648232	206955
SRZ187423	11.689565745185675	8.326436020526403	31.218617226728465	22.73492247420405	26.030458533355404	72492
SRZ187424	11.22251580636029	9.720911578748703	21.73964329527225	17.56039445125979	39.75653486835897	84776
SRZ187425	17.115855792789638	10.289514475723786	23.403170158507926	17.19285964298215	31.9985999299965	99995
SRZ187426	13.743399073175988	15.51756654811941	29.671839637892013	21.198405000538852	19.868789740273737	74232
SRZ187427	12.869007774176982	10.162212895571022	33.59719492110715	24.260213568506614	19.111370840638227	112938
SRZ187428	11.587108457598823	9.208850909708271	36.01341218414872	25.171189270252682	18.019439178291503	141364
SRZ187429	10.808149716222774	8.068837955116077	28.045770066601495	20.994591705406183	32.08265055665347	142189
SRZ187430	19.932499843221763	9.878739160922882	28.167632990701627	20.508873648144032	21.5122543570097	175407
SRZ187431	11.306839731973534	8.215384430142743	33.78927532916323	29.376350818468058	17.312149690252433	166103
SRZ187432	9.797751523300054	7.826758589123781	36.371351469901114	28.95557399090311	17.04856442677194	104871
SRZ187433	9.094284338123144	6.8445452356105	36.14333306574617	30.498916271975595	17.418921088544593	99656
SRZ187434	11.313833049599046	7.050940335551619	36.38161401819339	29.203423153864232	16.050189442791716	174459
SRZ187435	13.609386910595665	8.661657410432321	29.51486442339105	21.221278449308503	26.99281280627246	183660
SRZ187436	12.89927647743987	8.765590593356515	29.439971433186816	21.976891488620037	26.918270007396764	117619
SRZ187437	12.570822544738828	9.28503864785072	27.95925971928953	20.870794836761796	29.314084251359123	104663
SRZ187438	17.44547715509603	9.357947288981771	27.613705109167903	21.823192603591878	23.759677843162418	163647
SRZ187439	13.558719436319269	10.842127377624072	28.017582701724333	20.25404418300231	27.327526301330014	123758
SRZ187440	14.665108810964245	15.606990280127304	28.9116036356338	20.643260601542565	20.17303667173209	139508
