	Eukaryote	EukaryoteVirus	Plasmid	Prokaryote	ProkaryoteVirus	TotalCnt
SRZ187075	17.789365703539065	8.574115233373226	14.951273722003762	27.038810053000514	31.646435288083435	11698
SRZ187076	21.16433405611407	11.012550101846376	20.34956304619226	31.54609369866614	15.927459097181154	15219
SRZ187077	19.542810490866415	5.424022859475457	33.65649556077151	34.78926421063374	6.5874068782528825	19598
SRZ187078	18.215445901406113	10.160529248571361	21.589642662366916	25.516325611173027	24.518056576482582	42173
SRZ187079	22.029037461910736	7.653701380175659	25.040329808209357	36.3685248252375	8.90840652446675	5579
SRZ187080	20.26063437423162	10.13031718711581	21.26874846324072	32.407179739365624	15.933120236046225	4067
SRZ187081	12.897661939440399	19.701034879264085	27.06017631276351	26.868532004599462	13.47259486393254	5218
SRZ187082	14.377705056476302	7.231077800063338	33.89633695766916	32.17565713079278	12.319223054998417	18946
SRZ187083	20.584415584415584	8.03896103896104	25.675324675324674	32.506493506493506	13.194805194805195	15400
SRZ187084	18.502382573179034	12.906739278420694	28.441116405718176	28.155207624234173	11.994554118447924	14690
SRZ187085	19.044019305692853	7.6234226900040705	28.045589346979124	35.90742571378729	9.379542943536663	17197
SRZ187086	19.535658125982795	8.685598002034965	26.732032189436683	28.138007584867264	16.908704097678292	10811
SRZ187087	17.109024091465905	12.91139240506329	28.966925275622703	27.284605961616986	13.728052266231115	12245
SRZ187088	20.31283026844219	7.5776791376030435	25.428027901077996	32.80490382582963	13.876558867047136	9462
SRZ187089	16.321646523872204	8.890750269235372	25.403853057317217	32.51166686610028	16.872083283474932	8357
SRZ187090	14.753611715812388	6.946368493963981	35.47397585592717	29.903027904215318	12.92301603008114	10106
SRZ187091	19.995544168430435	6.9622368274479225	25.442798262225686	36.270468976272696	11.328951765623259	8977
SRZ187092	17.052023121387283	6.955684007707129	19.171483622350674	24.6242774566474	32.19653179190752	5190
SRZ187093	17.862714508580343	22.54290171606864	21.73686947477899	23.998959958398334	13.858554342173687	3846
SRZ187094	14.555339009129142	6.605805723663965	32.321263719355834	35.76777105344138	10.749820494409683	9749
SRZ187095	9.057301293900185	6.782311957912698	18.811318071946538	21.9820844589791	43.36698421726148	7033
SRZ187096	15.897955735766176	16.84406149687447	29.396857577293463	22.199695894576788	15.661429295489103	5919
SRZ187097	17.02577660277594	8.645076007931262	26.900198281559813	34.9636483807006	12.465300727032385	7565
SRZ187098	8.973956699090053	4.706620646375902	14.527769061813618	19.861939127706307	51.92971446501412	3187
SRZ187099	15.099789915966387	15.388655462184873	31.22373949579832	21.79621848739496	16.491596638655462	7616
SRZ187100	16.23973889822965	8.268222727722282	28.206903372564533	31.895954900603304	15.38918010088023	10111
SRZ187101	12.059207662168046	7.368306486721811	28.243360905528952	24.847627340008707	27.481497605572486	9188
SRZ187102	11.703444009074035	11.249742214889668	32.893380078366675	29.707156114662816	14.446277583006806	9698
SRZ187103	17.007554818500093	7.748295559240833	27.529021558872305	33.36097291321172	14.354155150175052	10854
SRZ187104	16.15310544053924	8.642272508425615	25.842561386615312	26.492537313432837	22.869523350987002	8308
SRZ187105	17.88775228089577	16.21509538291402	27.135747857340338	22.767486867569808	15.993917611280066	7234
SRZ187106	18.1640625	8.0078125	27.09418402777778	30.71831597222222	16.015625	9216
SRZ187107	13.73546511627907	8.757267441860465	30.450581395348838	28.367248062015506	18.689437984496124	8256
SRZ187108	15.946778527888839	12.361538965720653	32.568657009897095	25.935636101461625	13.187389395031788	15257
SRZ187109	17.70011273957159	6.696730552423901	25.095828635851184	35.174746335963924	15.332581736189402	4435
SRZ187110	18.031058955800717	6.956643946314384	33.50432155154241	28.444944136041038	13.063031410301454	14231
SRZ187111	17.066820943014175	13.092276540352907	31.021116575065086	25.58287532542667	13.236910616141163	17285
SRZ187112	18.594950603732162	6.630076838638859	29.06695938529089	36.59714599341383	9.11086717892426	4555
SRZ187113	20.79403888694842	7.672604494120386	26.312725579229248	34.42775643264641	10.792874607055536	8589
SRZ187114	21.74445502789495	10.25989930602803	29.568648795754523	24.425091849231187	14.001905021091305	7349
SRZ187115	21.532728451069346	12.410887880751782	24.092676604018145	29.585223590408294	12.37848347375243	6172
SRZ187116	16.09984399375975	7.280291211648466	28.73634945397816	29.453978159126365	18.42953718148726	9615
SRZ187117	18.409872547036212	11.389844224155372	33.40076876390856	22.678535302447905	14.120979162451953	4943
SRZ187118	21.09246462652188	7.140506745640013	28.71010200723922	32.29680816057914	10.760118460019743	6078
SRZ187119	16.695539194456476	5.781723689909051	29.081853616284107	32.330012992637506	16.110870506712864	4618
SRZ187120	20.363164721141374	11.284046692607005	29.831387808041505	22.957198443579767	15.56420233463035	771
SRZ187121	14.867460622358816	10.641567422205148	34.72915866308106	24.817518248175183	14.944295044179793	2603
SRZ187122	15.31796379390376	6.003403991954201	25.777502707720874	26.984372582392076	25.916756924029087	6463
SRZ187123	14.733438902084982	11.13750329902349	35.325943520717864	27.24993401953022	11.553180258643442	15156
SRZ187124	16.943097729012504	5.33299311048737	35.74891553967849	35.14927277366675	6.825720847154886	7838
SRZ187125	14.435121002067373	7.697920466982853	27.66630183631278	26.754225951599174	23.44643074303782	8223
SRZ187126	15.138490926456543	23.25692454632283	22.986310092327283	28.127984718242597	10.490289716650748	6282
SRZ187127	22.624281366249576	5.072708826513358	26.07372336827866	36.455867433209335	9.77341900574907	2957
SRZ187128	8.333333333333334	5.2493438320209975	21.587926509186353	19.028871391076116	45.800524934383205	1524
SRZ187129	12.330285397617068	6.954835134386257	23.829315599889167	21.36325852036575	35.52230534774176	3609
SRZ187130	13.914469534502334	11.03822379210294	30.65472435978302	25.608679197678818	18.783903115932887	7927
SRZ187131	15.967969853980216	7.701365991521432	27.46113989637306	26.2246820536976	22.644842204427697	8492
SRZ187132	15.871254162042176	16.897891231964483	21.22641509433962	30.771365149833517	15.233074361820199	3604
SRZ187133	19.22794657272861	10.714809922207545	18.626155878467635	35.31483927785116	16.116248348745046	6813
SRZ187134	15.773544596759836	8.705714794374222	27.75502937511127	25.15577710521631	22.609934128538367	5617
SRZ187135	16.187419768934532	13.953786906290116	31.70731707317073	21.681643132220795	16.469833119383825	7790
SRZ187136	19.384555076440613	8.467267738141905	24.16699333594669	26.96001568012544	21.021168169345355	10204
SRZ187137	14.075864633692822	8.032725920416512	21.38341390851618	21.36481963555225	35.14317590182224	5378
SRZ187138	16.40257370594449	11.322385479688851	33.36214347450303	25.65062902141554	13.262268318448093	10413
SRZ187139	14.77254715485814	7.830084006974164	26.78712949754319	32.937074021239496	17.673165319385006	6309
SRZ187140	13.274798787498693	5.957980558168705	40.22159506637399	28.828263823560153	11.717361764398452	19134
SRZ187141	18.683274021352315	16.414590747330962	25.444839857651246	21.040925266903916	18.416370106761565	2248
SRZ187142	18.64613880742913	7.258064516129032	29.178885630498534	33.064516129032256	11.852394916911045	8184
SRZ187143	13.387926109312511	7.446200723671682	35.15520853170825	28.77547133879261	15.23519329651495	5251
SRZ187144	18.068331143232587	13.600525624178712	30.96802452912834	21.20017520805957	16.16294349540079	4566
SRZ187145	17.178583417254114	5.127559583752937	34.37395099026519	38.091641490433034	5.22826451829473	11916
SRZ187146	32.92907417433676	8.706009745533297	23.280996210070384	24.450460205739038	10.63345966432052	9235
SRZ187147	17.12795828319294	10.509426393902928	32.75839015911218	29.509292686187994	10.094932477603958	7479
SRZ187148	20.574328220505134	7.104140237573521	28.474224426248416	36.143466728174374	7.703840387498558	8671
SRZ187149	26.826722338204593	9.681628392484342	25.0	26.774530271398746	11.717118997912317	3832
SRZ187150	15.92545531554426	16.010165184243963	31.229704927290697	22.716363122970492	14.118311449950586	7083
SRZ187151	17.08176100628931	8.234800838574424	33.18238993710692	31.656184486373167	9.844863731656185	11925
SRZ187152	17.467096661727535	8.602806589383771	33.5744792120631	29.87012987012987	10.48548766669572	11473
SRZ187153	15.275631117980423	13.034518289541474	31.306886484629917	25.167439464193716	15.215524643654474	11646
SRZ187154	17.524203198085498	8.647884259762863	28.184488197541608	36.56042641139998	9.08299793321005	9193
SRZ187155	17.63423071138517	6.33929914272823	32.11761167092796	35.3135809896225	8.59527748533614	13298
SRZ187156	19.062119366626067	7.34137969217141	32.875650537039085	32.1614439154025	8.559406488760935	18062
SRZ187157	16.896631465351113	6.737069297772297	32.49055731133893	35.612425807446236	8.26331611809142	12973
SRZ187158	16.61341853035144	5.808887598024978	36.88643624745861	29.117049085100202	11.574208539064768	6886
SRZ187159	13.818789905746428	13.210702341137123	33.70325326847066	24.08026755852843	15.186986926117362	6578
SRZ187160	17.708333333333332	7.510964912280702	34.32017543859649	34.42982456140351	6.030701754385965	3648
SRZ187161	21.12006137322593	9.144610663598005	24.181051016494056	37.26121979286536	8.293057153816648	13035
SRZ187162	13.716466494556068	10.057245482096755	36.6483331462566	28.589067235379954	10.98888764171063	8909
SRZ187163	15.390070921985815	9.539007092198581	35.0709219858156	33.138297872340424	6.861702127659575	5640
SRZ187164	24.184699786650413	8.503505028954587	29.38128619323377	26.958244437671443	10.97226455348979	6562
SRZ187165	13.730916882421212	13.061333809481296	35.13079189358093	26.10481207035086	11.9721453441657	11201
SRZ187166	20.455437769925403	4.593639575971731	32.129302447323646	38.16254416961131	4.65907603716791	7641
SRZ187167	16.704574172352793	7.623620587987532	26.324656726476288	27.301827984163086	22.0453205290203	11871
SRZ187168	12.793291791676284	12.254788829909993	35.06423571043926	28.817601353950305	11.070082314024155	12999
SRZ187169	18.977914740626606	5.110426296866975	33.410374935798664	37.750385208012325	4.750898818695429	7788
SRZ187170	18.14516129032258	6.090831918505942	30.34804753820034	28.395585738539896	17.02037351443124	4712
SRZ187171	17.07390648567119	12.850678733031675	29.62292609351433	25.671191553544496	14.781297134238311	6630
SRZ187172	17.63845889232886	6.802545579635363	31.97454420364637	37.00550395596835	6.578947368421052	11628
SRZ187173	16.04258443465492	6.332599118942731	35.74706314243759	33.34251101321586	8.535242290748899	10896
SRZ187174	19.942957437472575	8.797718297498903	32.31680561649846	28.56516015796402	10.377358490566039	4558
SRZ187175	22.171229624940654	5.443899351163159	30.163000474758665	37.917391992403864	4.3044785567336605	6319
SRZ187176	14.707806367204535	8.166157871783689	23.833406018316616	23.440907108591365	29.851722634103794	9172
SRZ187177	13.765822784810126	12.321993670886076	33.47507911392405	27.363528481012658	13.073575949367088	10112
SRZ187178	24.673803947808633	7.209769153563064	27.266644362663097	35.36299765807963	5.48678487788558	5978
SRZ187179	15.389702409069438	8.398677373641947	28.615965989607936	28.644307982994803	18.951346244685876	10585
SRZ187180	14.762361977916466	16.778684589534326	29.96879500720115	25.756120979356698	12.734037445991358	8332
SRZ187181	20.38602245490097	7.430301501198436	29.254446827299105	33.05159581178251	9.877633404818972	7927
SRZ187182	17.722763428367145	7.301814281883993	26.11493431048351	28.912324604522297	19.94816337474305	11189
SRZ187183	16.04252234839333	14.24257066924378	29.077071756462914	27.289200289925102	13.348634935974873	8278
SRZ187184	23.42260553790286	5.901044030866999	22.938417309729157	44.363746406415494	3.3741867150854894	6609
SRZ187185	17.596384691427765	10.097443863861036	26.50755543002401	26.140375653156333	19.658240361530858	7081
SRZ187186	14.2966069386199	13.048036599313763	34.20701486847122	26.801372474266106	11.646969119329013	10492
SRZ187187	19.061976549413735	7.314349525404801	26.80067001675042	36.06923506420994	10.753768844221106	8955
SRZ187188	19.61158509205209	9.901212393354289	26.784912438257745	25.404131118096092	18.298158958239785	8908
SRZ187189	17.848227658512233	14.615576635047429	28.232651023464804	26.660009985022466	12.64353469795307	8012
SRZ187190	20.499303759697632	6.415357071812214	28.476228366819175	37.23890988661229	7.370200915058683	10054
SRZ187191	13.78748075006794	7.011504665277652	27.04049279826071	28.517075822085335	23.643445964308363	11039
SRZ187192	18.219097832454597	18.36555360281195	25.27826596367897	25.717633274751027	12.419449326303456	3414
SRZ187193	18.990839028646214	4.47869710629635	33.25578013668751	39.130434782608695	4.144248945761233	6877
SRZ187194	20.357615894039736	9.642384105960264	26.132450331125828	33.89403973509934	9.973509933774835	7550
SRZ187195	16.86203466894004	10.077436771810174	32.98877522023302	31.31216254617789	8.759590792838875	28152
SRZ187196	18.310477235326385	5.046626439934174	33.1980252331322	39.122325836533186	4.322545255074054	9115
SRZ187197	14.96903287279657	8.118151500714626	29.004287756074323	37.875178656503095	10.033349213911386	10495
SRZ187198	13.646520812763082	12.30577352803617	33.73694330405862	28.826066621628645	11.484695733513485	19243
SRZ187199	22.892441860465116	5.677688953488372	25.917514534883722	40.67042151162791	4.841933139534884	11008
SRZ187200	16.186037479366927	6.631711816681231	35.42091465190795	29.934945140304883	11.826390911739004	20598
SRZ187201	14.38376168224299	11.886682242990654	29.117990654205606	31.593165887850468	13.01839953271028	13696
SRZ187202	21.255257198317697	8.49778928070743	26.620295481505448	34.22840504691038	9.398252992559042	18546
SRZ187203	21.304710910252002	8.40497126295623	26.48720341897136	34.32725843690131	9.475855970919094	20357
SRZ187204	16.66061376429998	13.010713637189031	27.828218630833483	33.59360813510078	8.906845832576721	11014
SRZ187206	18.17084213703592	6.580138846966496	37.51886507696951	32.05553878659825	5.674615152429822	3313
SRZ187207	12.552737380255126	5.008189804933737	33.04710378716434	42.16508661339157	7.226882414255224	20147
SRZ187208	8.53652030091234	4.700421490689857	35.442565224350425	43.221469348556795	8.099023635490584	18743
SRZ187209	13.05904761904762	7.900952380952381	31.474285714285713	36.02285714285714	11.542857142857143	13125
SRZ187210	10.15480246249477	6.712091327475943	36.85374454605224	36.35765943458251	9.921702229394537	16731
SRZ187211	11.009470512268619	7.436504520017219	32.985363753766684	37.83900129143349	10.72965992251399	9292
SRZ187212	25.545777627348112	7.4378067354882385	24.995769165679473	34.21052631578947	7.810120155694703	11818
SRZ187213	26.9496378642412	10.207175341081355	23.968334175509515	29.653023412497895	9.221829206670035	11874
SRZ187214	25.891463186161243	8.493099356772623	26.603384749890715	31.01854743021295	7.993505276962468	16013
SRZ187215	24.054764711215885	6.596246259860368	27.51836068546559	33.18523891558618	8.645389427871974	22058
SRZ187216	16.60212971926428	8.216360116166506	31.76427879961278	35.08591481122943	8.331316553727008	16528
SRZ187217	15.682145627839965	8.328715504821012	30.632827219328384	35.874986146514466	9.481325501496176	18046
SRZ187218	14.177866742922506	6.302545038604518	33.65742064626823	39.03917643694595	6.8229911352587935	17485
SRZ187219	14.536689876807714	7.016604177825388	32.78521692554901	37.71826459560793	7.943224424209962	18670
SRZ187220	13.82667964946446	8.59298928919182	32.254138266796495	34.10418695228822	11.222005842259007	4108
SRZ187221	13.19431279620853	8.549763033175356	37.38388625592417	30.369668246445496	10.502369668246445	5275
SRZ187222	12.63469827586207	9.725215517241379	33.539870689655174	32.73168103448276	11.368534482758621	7424
SRZ187223	16.435506241331485	12.309292649098474	27.42718446601942	30.235783633841887	13.592233009708737	2884
SRZ187224	16.64113140836771	10.04124926340601	31.043017088980555	32.174425456688276	10.100176782557455	8485
SRZ187225	16.971183323114655	9.245861434702636	32.11526670754139	31.183323114653586	10.484365419987737	8155
SRZ187226	15.610766045548655	7.629399585921325	33.374741200828154	33.519668737060044	9.865424430641822	9660
SRZ187227	13.044507575757576	10.15625	34.505208333333336	32.682291666666664	9.611742424242424	8448
SRZ187228	14.225880993645292	11.568457538994801	31.369150779896014	31.470248411322935	11.36626227614096	6924
SRZ187229	15.07587576230322	8.325060275138279	34.13700184371011	31.272159977308185	11.189902141540207	7051
SRZ187230	21.870047543581617	6.397531070147635	29.126699474518308	36.208190841604804	6.397531070147635	11989
SRZ187231	23.155538251897994	14.181428849523067	25.170332879112323	29.998053338524432	7.494646680942184	10274
SRZ187232	18.680593072813494	7.55147367789183	30.96224263161054	33.56744102287052	9.238249594813615	16659
SRZ187233	15.30896085833499	8.29525134114842	31.382873037949533	35.704351281541825	9.308563481025233	10066
SRZ187234	13.271846177895888	6.7922463654838205	33.32812255744881	39.635766765671406	6.972018133500078	12794
SRZ187235	13.659611992945326	7.610229276895944	33.90652557319224	38.41269841269841	6.4109347442680775	11340
SRZ187236	11.364078614516442	9.320879548550302	14.866705584744114	13.582409028993968	50.86592722319517	5139
SRZ187237	12.114402451481103	12.318692543411645	29.050051072522983	23.146067415730336	23.370786516853933	4895
SRZ187238	8.237410071942445	7.76978417266187	35.34172661870504	29.568345323741006	19.08273381294964	5560
SRZ187239	13.988983245352307	10.764287353683727	30.663300436079872	25.18935047050723	19.394078494376863	8714
SRZ187240	15.299349982894286	8.806021211084502	32.685596989394455	25.48751282928498	17.72151898734177	14615
SRZ187241	14.452644526445264	13.576260762607626	26.491389913899138	19.24969249692497	26.230012300123	6504
SRZ187242	12.284028655710072	11.504424778761061	31.710914454277287	23.999157184997895	20.50147492625369	4746
SRZ187243	10.188375832759016	4.330346887204227	35.34344130484723	36.3197794624397	13.818056512749827	8706
SRZ187244	11.687150837988828	7.575418994413408	30.793296089385475	23.18435754189944	26.75977653631285	8950
SRZ187245	10.40732929079884	7.764302662799895	26.153440548378594	20.458739783812288	35.216187714210385	15172
SRZ187246	11.531121550205519	8.543746330005872	25.594539048737524	31.466529653552556	22.86406341749853	13624
SRZ187247	11.373182552504039	9.450726978998384	24.79806138933764	22.32633279483037	32.051696284329566	6190
SRZ187248	10.639920677293876	11.051788574479446	20.372206544123255	17.0238730836702	40.91221112043323	13111
SRZ187249	9.27477261847774	8.820009573958831	18.310196266156055	20.96696984202968	42.62805169937769	8356
SRZ187250	8.154943934760448	6.707441386340469	14.515800203873598	17.125382262996943	53.496432212028544	4905
SRZ187251	19.253202791375898	7.988751171752942	26.60139568794917	30.13748567857515	16.01916467034684	19202
SRZ187252	21.71976704350805	7.159986296676944	25.693730729701954	22.88454950325454	22.54196642685851	2919
SRZ187253	15.316265060240964	13.19277108433735	25.72289156626506	18.71987951807229	27.048192771084338	6640
SRZ187254	13.842887473460722	14.734607218683651	29.469214437367302	19.29936305732484	22.65392781316348	4710
SRZ187255	9.92092908327156	13.269088213491475	35.56955769705955	25.88337039782555	15.357054608351866	8094
SRZ187256	10.841527263440174	14.685225386285277	34.77205976248244	25.233048141999745	14.468139445792364	7831
SRZ187257	12.28452978398429	13.680994981453196	35.20619681431377	25.136373554440322	13.691904865808423	9166
SRZ187258	17.774203277370063	7.52990851513019	29.164572232834022	32.250929928621694	13.280386046044033	9947
SRZ187259	14.857237715803453	7.4867197875166	30.1128818061089	32.50332005312085	15.0398406374502	6024
SRZ187260	16.98032961190856	13.460925039872409	25.156831472620947	28.43168527379054	15.970228601807548	9405
SRZ187261	14.223281684545093	7.052046086611045	22.596344854986093	20.202622169249107	35.92570520460866	10068
SRZ187262	11.152175921648341	12.602790353876005	35.28596507437864	25.31645569620253	15.642612953894483	10823
SRZ187263	8.749762492874787	12.027360820824624	36.034581037431124	27.531825954778643	15.656469694090823	10526
SRZ187264	8.313106796116505	9.235436893203884	35.53398058252427	32.59708737864078	14.320388349514563	8240
SRZ187265	16.23672230652504	5.311077389984826	29.893778452200305	25.644916540212442	22.91350531107739	659
SRZ187266	8.857142857142858	6.0	50.95238095238095	23.333333333333332	10.857142857142858	1050
SRZ187267	19.59287531806616	20.865139949109416	20.10178117048346	13.740458015267176	25.699745547073793	393
SRZ187268	14.497878359264497	12.8005657708628	23.444130127298443	20.57991513437058	28.67751060820368	2828
SRZ187269	12.789305666400638	12.420191540303271	28.790901835594575	25.897845171588187	20.101755786113326	10024
SRZ187270	9.944864202573005	10.292015519705942	40.92301409025934	25.280784153563406	13.559322033898304	4897
SRZ187271	8.959207014868472	10.395221756258737	38.87406277798958	26.826788664379208	14.944719786504002	7869
SRZ187272	8.06719893546241	7.019294743845642	42.23220226214238	29.44111776447106	13.24018629407851	6012
SRZ187273	13.09823677581864	8.657033010738433	23.876441734058066	29.643377966326394	24.724910513058465	7543
SRZ187274	9.74949221394719	6.3642518618821935	13.710223425863237	13.303994583615436	56.872037914691944	2954
SRZ187275	13.25181758096497	5.221414408460014	24.98347653668209	24.19035029742234	32.35294117647059	3026
SRZ187276	10.165016501650165	10.664780763790665	32.06034889203206	23.592644978783593	23.517208863743516	10605
SRZ187277	9.760568220872953	10.436476114102417	33.68083400160385	30.129453545652424	15.992668117768359	8729
SRZ187278	8.334811136726369	9.842170597623692	33.25057634332328	32.52349707394928	16.04894484837737	11278
SRZ187279	6.525304592314901	6.021555763823805	37.39456419868791	35.64901593252109	14.409559512652296	8536
SRZ187280	6.061030235162374	4.773236282194849	44.05095184770437	33.328667413213886	11.786114221724524	7144
SRZ187281	6.570138564533707	3.269500233535731	43.35980071617624	35.03035964502569	11.77020084072863	6423
SRZ187282	5.738390210534316	4.742722505130349	45.45109067416584	35.06878467735806	8.999011932811431	13157
SRZ187283	17.541418995826483	8.25850512204376	29.669912735550778	30.226381687112685	14.303781459466295	7907
SRZ187284	17.222169766783118	7.10981021622132	30.327636672646587	30.31819469360778	15.022188650741196	10591
SRZ187285	15.26340545625588	6.114769520225776	30.397460018814677	24.082784571966133	24.141580432737534	8504
SRZ187286	15.282131661442007	8.150470219435737	29.38871473354232	19.278996865203762	27.899686520376175	1276
SRZ187287	11.16382919341334	9.433435668434273	22.271839240859613	22.467206251744347	34.66368964554842	3583
SRZ187288	13.371579876434245	13.54810238305384	32.3036187113857	26.169461606354812	14.607237422771403	2266
SRZ187289	12.895317479774455	15.003677371904878	33.80730571218436	22.873253248345183	15.420446187791125	4079
SRZ187290	13.202011735121543	15.59094719195306	32.69069572506287	23.679798826487847	14.836546521374686	2386
SRZ187291	18.016698403398273	7.294565695034422	29.280796836091987	31.390068844294714	14.017870221180607	6827
SRZ187292	16.88	6.88	29.872	31.92	14.448	6250
SRZ187293	11.560975609756097	4.975609756097561	20.75609756097561	32.926829268292686	29.78048780487805	4100
SRZ187294	12.653778558875219	7.365393832880652	24.01342067422911	22.367790381850135	33.59961655216488	6259
SRZ187295	12.097705892061397	9.803597953457666	24.44297738900809	18.41888100346592	35.236837762006935	6059
SRZ187296	10.68911978980055	11.47736772960707	33.70357100203034	25.283649826824316	18.84629165173773	8373
SRZ187297	9.397923875432525	10.034602076124568	38.24221453287197	26.14532871972318	16.17993079584775	7225
SRZ187298	8.598003629764065	10.412885662431941	34.70961887477314	30.058983666061707	16.220508166969147	8816
SRZ187299	14.568690095846645	5.9105431309904155	22.9073482428115	21.916932907348244	34.6964856230032	3130
SRZ187300	11.831626848691695	8.941979522184301	20.546075085324233	18.794084186575652	39.88623435722412	4395
SRZ187301	6.806068060680607	6.662566625666257	19.65969659696597	14.534645346453464	52.3370233702337	4878
SRZ187302	10.663944784679693	9.089141635073394	35.889958199669486	29.24078934577622	15.116166034801205	10287
SRZ187303	9.983920479462068	7.73278760415144	36.018126004970036	32.085952346148225	14.179213565268237	6841
SRZ187304	8.562607827113412	6.928175792245528	41.09688549895578	30.391355670571144	13.020975211114138	11013
SRZ187305	8.646616541353383	6.244778613199665	41.54135338345865	31.234335839598998	12.332915622389306	9576
SRZ187306	15.446311277051787	6.257346332019637	33.596072737329735	36.949457235704905	7.750812417893936	14463
SRZ187307	14.926802572171296	6.799835818853468	29.183198796004927	26.214256396223835	22.875906416746478	7309
SRZ187308	15.016063696046935	8.81408017879592	28.467663081435955	28.942589747171393	18.7596032965498	7159
SRZ187309	14.104778353483017	5.109383995394358	32.06678180771445	21.286701208981	27.432354634427174	6948
SRZ187310	12.178978024887478	5.440826052422557	27.005559968228752	27.614508869473127	27.760127084988085	7554
SRZ187311	12.20183486238532	10.711009174311927	32.580275229357795	26.146788990825687	18.360091743119266	8720
SRZ187312	8.331776573883804	10.825705212030638	36.147954418083316	30.95460489445171	13.739958901550532	10706
SRZ187313	8.317561510110568	10.409403327024604	35.58123319055683	32.19444167745792	13.497360294850084	10039
SRZ187314	17.942275042444823	10.139219015280135	19.97962648556876	25.37181663837012	26.56706281833616	14725
SRZ187315	19.913544668587896	11.498559077809798	22.363112391930837	29.596541786743515	16.628242074927954	3470
SRZ187316	11.634671320535196	7.707969749854566	33.88598022105875	28.155904595695173	18.61547411285631	3438
SRZ187317	26.780879239895633	13.08029340816226	25.230148180967852	25.599369861664943	9.30930930930931	20313
SRZ187318	12.34319343348304	8.5488617004801	32.53833049403748	31.702028805947034	14.867585566052346	6457
SRZ187319	11.650485436893204	8.472029588534443	34.731853906611185	33.42579750346741	11.719833564493758	8652
SRZ187320	9.85043234400561	6.940874035989717	38.08132741294695	32.752979668146764	12.37438653891096	8558
SRZ187321	23.372043010752687	9.591397849462366	23.397849462365592	26.98494623655914	16.653763440860214	11625
SRZ187322	21.008861622358555	8.88888888888889	24.028629856850717	28.05725971370143	18.016359918200408	14670
SRZ187323	19.372964169381106	9.495114006514658	26.034201954397393	25.822475570032573	19.275244299674267	12280
SRZ187324	16.36789478425367	7.792090802630393	34.16809296459778	27.19574813079903	14.476173317719125	11101
SRZ187325	15.261523764031526	15.643658944351564	23.143061858132313	19.79937903033198	26.152376403152616	4187
SRZ187326	15.072516981824858	15.402974114191299	26.271342023132	20.24967872223242	23.003488158619422	5447
SRZ187327	10.856323898244357	14.88713722680043	31.995700465782875	24.310283052669295	17.950555356503045	5582
SRZ187328	10.907141900040198	15.771137612220286	32.89561838402787	25.16414310598955	15.261958997722095	7463
SRZ187329	19.64332546551272	9.82603374420841	24.766150887315323	25.657837223533527	20.10665267943002	11439
SRZ187330	18.393889347646574	10.78654004954583	25.928984310487202	24.153592072667216	20.73699421965318	9688
SRZ187331	17.933608328422707	10.292673345118837	26.5468473777254	24.91651934786879	20.31035160086427	10182
SRZ187332	16.523473458115987	9.074869591899356	23.396747468548636	27.792267566738264	23.21264191469776	13036
SRZ187333	18.846742643306683	15.257696887225718	25.871746895730567	25.497533594148663	14.526279979588365	5879
SRZ187334	14.027795817638655	15.027925704636965	29.874009611637874	27.15937134692817	13.910897519158333	7699
SRZ187335	12.393007836045811	10.391802290536468	31.9831223628692	30.25919228450874	14.972875226039783	8295
SRZ187336	10.650417273811101	8.014306530666314	33.262683799178696	33.01099483375282	15.061597562591071	7549
SRZ187337	13.431479462013813	6.815703380588877	19.93820428934933	23.736822973464196	36.07778989458379	5502
SRZ187338	15.063797371929157	7.331936773947819	19.043991620643688	21.557798514568653	37.00247571891068	5251
SRZ187339	11.787210785206778	5.756968482419384	17.689925305155764	17.12515940972855	47.64073601748952	5489
SRZ187340	14.67956910717546	15.373379587365346	28.975716633193354	16.888807741464305	24.082526930801535	5477
SRZ187341	8.660223611900701	8.129619101762366	34.77354557513739	28.2546901648664	20.181921546333143	5277
SRZ187342	8.47574659071293	8.061453478335922	35.38753668220266	30.795788020024165	17.279475228724323	5793
SRZ187343	9.075268817204302	7.197132616487456	35.98566308243728	33.763440860215056	13.978494623655914	6975
SRZ187344	9.001040582726327	4.838709677419355	38.72702046479362	32.969129379118975	14.464099895941727	5766
SRZ187345	16.17359963958552	6.870400961105271	31.070731341042197	36.82234569755219	9.062922360714822	13318
SRZ187346	15.043923865300146	6.808199121522694	33.16983894582723	35.33674963396779	9.641288433382138	13660
SRZ187347	15.413158270301128	6.921649778792636	26.359354930783503	30.38390181247324	20.921935207649494	7007
SRZ187348	16.57285803627267	6.775067750677507	28.622055451323742	28.976443610589953	19.053575151136126	4797
SRZ187349	14.427499394819657	16.702977487291214	30.54950375211813	23.505204550956186	14.814814814814815	4131
SRZ187350	18.519186815830626	6.694334175387946	30.530494406351497	33.63406712378203	10.621917478647902	16626
SRZ187351	20.470162748643762	5.406871609403255	28.318264014466546	38.20976491862568	7.594936708860759	5530
SRZ187352	21.93913658881812	9.223873555083745	26.515687662184476	34.3241330502477	7.997169143665959	4239
SRZ187353	13.107996702390766	7.886782082989832	22.835943940643034	21.8878812860676	34.281395987908766	7278
SRZ187354	18.31290555155011	16.113914924297045	25.270367700072097	25.01802451333814	15.28478731074261	2774
SRZ187355	31.637922634707202	8.360128617363344	22.40085744908896	29.981486894670173	7.61960440417032	10263
SRZ187356	12.125314252562367	11.042351576097467	27.84761168052601	37.63295300715529	11.351769483658867	5171
SRZ187357	20.297939362121014	10.966006037537735	21.636697729360808	39.276807980049874	7.822548890930569	15238
SRZ187358	17.319005048867478	9.87076752049655	30.571124183612024	33.61434063643522	8.624762610588725	21589
SRZ187359	15.690104166666666	10.948350694444445	30.891927083333332	33.87586805555556	8.59375	9216
SRZ187360	15.329970143107175	9.688046947390095	32.281478430968804	32.87861628744981	9.821888191084113	19426
SRZ187361	19.246675574218997	5.522682445759369	30.29840300311764	36.2537379907107	8.678500986193294	15717
SRZ187362	23.865619546247817	8.420593368237347	23.702006980802793	27.530541012216403	16.48123909249564	9168
SRZ187363	16.956521739130434	13.06159420289855	24.094202898550726	26.1231884057971	19.764492753623188	5520
SRZ187364	11.541440743609606	15.06584043377227	30.712625871417504	24.709527498063515	17.9705654531371	5164
SRZ187365	12.488849241748438	14.451382694023193	29.549509366636933	25.066904549509367	18.44335414808207	4484
SRZ187366	17.807479411367627	4.684757661671392	29.053597947887134	44.07992439584177	4.374240583232078	7407
SRZ187367	19.958847736625515	5.467372134038801	34.92063492063492	33.06878306878307	6.584362139917696	3402
SRZ187368	20.03032025772219	6.23460299412545	26.208072768618532	36.72541216600341	10.801591813530415	5277
SRZ187369	16.50201244054153	12.074643249176729	29.38163190633004	21.807537504573727	20.234174899377972	2733
SRZ187370	13.304655092948225	15.68597326778307	27.546474112766937	25.24197265324935	18.220924873252418	6509
SRZ187371	15.544320137693632	7.508605851979346	25.494836488812393	33.90705679862307	17.545180722891565	9296
SRZ187372	12.342543681430312	8.776919951239334	38.96789922795612	26.310442909386428	13.60219422998781	9844
SRZ187373	17.48884190744656	5.966643175945501	30.5379375146817	33.28635189100305	12.720225510923186	8514
SRZ187374	13.144847916387512	13.359238911965697	31.31448479163875	26.705078386707758	15.476349993300282	7463
SRZ187375	17.17258393221066	6.8647431084414885	25.22793092352247	32.37155422074439	18.363187815080984	9323
SRZ187376	12.207952963020269	7.550673062045489	20.23827943679406	25.05028624477797	34.95280829336222	6463
SRZ187377	20.695364238410598	14.114238410596027	22.475165562913908	22.971854304635762	19.74337748344371	2416
SRZ187378	18.441725692208628	7.508048937540245	27.649710238248552	29.86477784932389	16.535737282678685	7765
SRZ187379	12.995750708215297	8.76416430594901	15.722379603399434	18.71458923512748	43.803116147308785	5648
SRZ187380	12.937388799457764	10.793865966279759	36.85503685503686	27.611624163348303	11.802084215877318	11803
SRZ187381	17.333120917635814	7.105305082045563	32.00573522383304	30.4604110243747	13.095427752110881	6277
SRZ187382	13.868049426301853	9.168137687555163	23.731244483671667	22.296999117387468	30.935569285083847	9064
SRZ187383	14.492131616595136	9.141630901287554	27.339055793991417	24.234620886981403	24.792560801144493	6990
SRZ187384	18.502254925231426	7.144552575361975	30.132921908378826	32.637075718015666	11.583194873012106	8426
SRZ187385	18.36503623188406	7.880434782608695	31.170742753623188	35.507246376811594	7.076539855072464	8832
SRZ187386	19.622235271090233	8.357799960853397	28.762967312585634	33.861812487766684	9.395184967704052	10218
SRZ187387	11.578209844105798	8.512874408828166	24.960588544403574	25.766333858819408	29.181993343843054	5709
SRZ187388	12.288875946418171	7.047175305765871	20.326150262085033	18.258590564938846	42.07920792079208	3434
SRZ187389	16.287442396313363	7.2868663594470044	32.330069124423964	34.461405529953915	9.634216589861751	6944
SRZ187390	16.469399538106234	8.48729792147806	27.54041570438799	34.43995381062356	13.062933025404156	6928
SRZ187391	7.299721620785648	8.56789359727807	13.857098669965977	15.125270646458398	55.150015465511906	3233
SRZ187392	19.951338199513383	7.898184540520307	29.38424106307318	34.51244619127831	8.253790005614823	5343
SRZ187393	13.43199436222692	8.090204369274137	33.74207188160676	31.035940803382665	13.699788583509514	7095
SRZ187394	15.022421524663677	21.973094170403588	26.793721973094172	18.04932735426009	18.161434977578477	892
SRZ187395	13.508727548697191	8.12041487477865	26.334429547179358	25.322539843157095	26.713888186187706	3953
SRZ187396	24.47159437996335	9.786194257788638	12.91386682956628	12.449602932193036	40.3787416004887	8185
SRZ187397	11.556465769455823	9.254924907353228	33.02125999609908	31.217086015213575	14.950263311878292	10254
SRZ187398	16.99037049126816	5.957238452750122	27.10951526032316	34.58462542843153	15.358250367227027	6127
SRZ187399	17.10207722696572	10.271441315152288	25.831527972473555	26.35402064483242	20.440932840576018	7847
SRZ187400	12.059369202226344	11.317254174397032	30.850781871190033	29.552080572488737	16.220514179697854	3773
SRZ187401	10.644677661169416	6.664849393485076	35.6685293716778	38.57162327926945	8.450320294398255	7337
SRZ187402	13.772389689820882	8.770205329838358	31.432940148536478	36.02009611183923	10.00436871996505	9156
SRZ187403	24.158869818452196	8.086002850238552	20.806741433793917	29.66106945907429	17.287316438441042	16139
SRZ187404	22.88200420730541	7.367565500095621	26.324344999043795	32.67833237712756	10.747752916427615	20916
SRZ187405	8.552067918062153	4.805670223537659	38.009190746942906	38.2740088791962	10.35906223226108	12839
SRZ187406	25.800711743772244	6.115377411500281	24.985952425547854	28.54467128675782	14.553287132421802	10678
SRZ187407	21.591871295512277	14.592153542195879	23.341800733841378	20.688681907987583	19.785492520462885	3543
SRZ187408	15.49243363929546	8.781939965269164	33.2051600099231	28.231208136938726	14.289258248573555	8062
SRZ187409	13.353174603174603	9.990079365079366	21.061507936507937	24.15674603174603	31.438492063492063	10080
SRZ187410	10.800723818140693	7.475684234336123	33.01289301063108	34.26826509839403	14.442433838498077	8842
SRZ187411	19.161300455473537	10.20888958693262	23.574681953824406	30.21831317732056	16.836814826448876	6367
SRZ187412	10.989355040701314	6.616572740555208	22.05176372364851	26.77937800041745	33.56293049467752	9582
SRZ187413	13.723432170034112	16.924691681973236	20.88690632379953	22.198897927053267	26.26607189713986	3811
SRZ187414	12.602100350058343	8.498638661999221	33.21664721898094	31.602489303772852	14.080124465188643	5142
SRZ187415	15.388033175355451	6.561018957345971	24.79265402843602	32.27191943127962	20.98637440758294	6752
SRZ187416	13.87126019945603	8.83952855847688	22.937443336355393	22.43880326382593	31.912964641885765	2206
SRZ187417	18.546670720583766	12.07053815749468	19.550015202189115	31.71176649437519	18.12100942535725	3289
SRZ187418	9.857527916827108	5.737389295340778	33.05737389295341	39.66114747785907	11.686561417019638	5194
SRZ187419	9.95385629531971	7.6246978686003075	29.00461437046803	33.75082399472643	19.66600747088552	4551
SRZ187420	18.429733890477237	11.502089289641521	29.447987684187375	24.16978227402683	16.450406861667034	4547
SRZ187421	15.246460409019402	5.991085474567384	26.900891452543263	35.35658101730467	16.504981646565287	7628
SRZ187422	15.355487366977867	8.134752236077562	25.220343409283803	27.74041914212966	23.548997845531108	15317
SRZ187423	11.257102272727273	5.362215909090909	27.663352272727273	29.723011363636363	25.994318181818183	2816
SRZ187424	10.304324612920448	7.278875244705463	13.721302722904431	15.162840363053924	53.53265705641573	5619
SRZ187425	14.969604863221884	7.921732522796352	16.242401215805472	16.641337386018236	44.224924012158056	5264
SRZ187426	13.827655310621243	13.627254509018035	30.736472945891784	24.42384769539078	17.384769539078157	3992
SRZ187427	13.662921348314606	10.187265917602996	31.685393258426966	28.808988764044944	15.655430711610487	6675
SRZ187428	9.022384650525353	7.5376884422110555	36.706258565555046	33.54271356783919	13.190954773869347	8756
SRZ187429	10.333596525858665	6.356099486774576	24.921042242400315	26.184366363995263	32.20489538097118	10132
SRZ187430	33.156189241736875	9.896305897602074	19.15100453661698	21.827608554763447	15.968891769280622	15430
SRZ187431	9.079630047371984	5.8481840739905255	28.705165801939994	45.22332506203474	11.143695014662757	17732
SRZ187432	7.182966775854001	7.849789424426766	30.20589611605054	41.78755264389331	12.973795039775386	8548
SRZ187433	6.996867074444278	6.7880053707295245	32.65701924511413	40.71311353125466	12.844994778457407	6703
SRZ187434	10.522686525996415	6.116397738243001	33.51951454971728	37.780995724727624	12.06040546131568	14502
SRZ187435	12.903615184984007	7.55024443237371	26.271953648379505	26.797030599311967	26.47715613495081	16569
SRZ187436	11.163865007057616	6.775311176697036	25.30476068266393	29.629154369305787	27.126908764275633	7793
SRZ187437	13.345454545454546	7.763636363636364	20.345454545454544	21.363636363636363	37.18181818181818	5500
SRZ187438	13.058045820882006	6.248302091822874	21.706058136375983	28.41619125237707	30.571402698542062	11043
SRZ187439	11.5582787912547	7.9376131458014205	23.77106252611057	19.718702130622475	37.014343406210834	7181
SRZ187440	14.025018395879323	14.09860191317145	28.064753495217072	23.5467255334805	20.264900662251655	6795
SRZ187441	7.995645336881577	6.870690697955728	33.31317285593323	37.06302165235273	14.75746945687674	8267
SRZ187442	10.59264816204051	6.736684171042761	14.493623405851462	14.928732183045762	53.2483120780195	6665
SRZ187443	14.552314909239241	9.249439118906793	21.690801550071384	28.02365898429533	26.483785437487253	9806
SRZ187444	14.680368343787535	8.314426798345123	21.286534098491927	28.493260376351262	27.225410383024155	7493
SRZ187445	13.044166534747507	7.835998100364097	24.23618806395441	29.840113978154186	25.0435333227798	6317
SRZ187446	13.815187557182067	6.989935956084172	23.604757548032936	27.941445562671547	27.648673376029276	5465
SRZ187447	12.415052236535146	7.952124961963688	26.321127903438484	29.82046860736383	23.491226290698854	9859
