	Eukaryote	EukaryoteVirus	Plasmid	Prokaryote	ProkaryoteVirus	TotalCnt
SRZ187075	21.284374137772463	5.8907385266255865	16.84447714522211	26.5910972132806	29.389312977099237	43492
SRZ187076	27.55285259194903	12.070663191427744	19.673713678926536	25.110531904623997	15.592238633072691	51795
SRZ187077	21.80192895789226	4.041402023053399	33.23296479259782	32.757782482553125	8.165921743903395	63765
SRZ187078	23.996965499043473	8.623919783626889	22.335246388284187	24.58737383732436	20.456494491721088	151590
SRZ187079	23.18758378880066	5.419201814994328	25.14179643188615	33.092709085284106	13.158708879034753	19394
SRZ187080	21.546100109693437	8.111540904104844	23.27810172622828	31.34922925928064	15.7150280006928	17321
SRZ187081	15.908398275937133	12.207758282903043	27.410858113108972	27.68949453611389	16.78349079193696	22969
SRZ187082	16.67430686429311	5.499244469345829	32.408020509686075	30.465712490874207	14.952715665800778	58899
SRZ187083	21.98369405830254	6.215418304103857	26.94586192738577	30.28134592449215	14.573679785715683	51147
SRZ187084	20.438909078079245	8.748191793388138	30.31965564689694	27.546484140704937	12.946759340930742	56686
SRZ187085	20.58659379149747	5.625372875810704	30.051384692365428	31.887377071264986	11.849271569061411	51961
SRZ187086	20.720547945205478	7.583561643835616	25.84931506849315	27.534246575342465	18.312328767123287	36500
SRZ187087	18.66320705760249	8.473274519979242	30.17540217955371	27.732226258432796	14.95588998443176	48175
SRZ187088	22.220073486753044	5.58241474892026	26.80654934571005	30.600141816540965	14.790820602075678	31026
SRZ187089	19.974084257766823	6.10600170664644	27.928952940804653	29.48389747479536	16.507063619986727	31641
SRZ187090	16.69208608710388	5.045149732490861	36.807320793085914	27.298036652383374	14.157406734935968	41307
SRZ187091	21.825856082783034	4.962897406222344	27.69078902580162	31.772074341343863	13.74838314384914	29378
SRZ187092	18.679618327172697	5.7809679360440125	22.7542336456632	26.145448293647384	26.639731797472706	23266
SRZ187093	21.77761610282527	18.061113132048018	23.238753486116163	22.735540196435068	14.186977082575481	16494
SRZ187094	16.307835929750862	4.804831086994573	32.907404165937336	31.6325339868137	14.34739483050353	34278
SRZ187095	12.778870844032413	5.495714809750892	23.28342281655384	25.667789375396005	32.77420215426685	29987
SRZ187096	17.521911753689416	10.884710465203385	31.5192149224661	23.46992284066222	16.604240017978874	26698
SRZ187097	18.85720190121926	5.992973754908038	28.96948405317903	30.681270234897017	15.499070055796652	29034
SRZ187098	13.758999345502145	4.385135626499891	17.838702639808012	22.82743073231038	41.18973165587957	13751
SRZ187099	16.155905085561336	10.06586268082163	32.02610447806081	25.04887071065532	16.703257044900905	33251
SRZ187100	16.64479210415792	6.0163796724065515	29.543784124317515	29.496535069298613	18.298509029819403	38096
SRZ187101	16.162666981912757	5.565669700910273	30.339283603262796	25.851755526657996	22.080624187256177	42295
SRZ187102	13.722135821669259	7.778641783307413	35.39398652151374	27.249870399170554	15.855365474339036	38580
SRZ187103	19.04821697639377	5.813661476644902	29.008036162732296	30.303867403314918	15.826217980914114	39820
SRZ187104	19.689119170984455	6.913665022785442	26.618390661089954	25.972282914039578	20.80654223110057	32038
SRZ187105	18.62357591257847	10.133855913907064	31.334905503703457	23.559305144982893	16.348357524828113	30107
SRZ187106	19.236571688821837	5.64743389029632	28.79508126725684	29.350146594176085	16.97076655944892	35131
SRZ187107	15.620170568370442	6.436380287333296	32.17617766584626	27.857592581993018	17.909678896456985	34942
SRZ187108	18.187199894757615	8.67591922646846	33.968624613563115	24.347168322041703	14.821087943169111	60812
SRZ187109	21.451541361721002	5.22843202483921	25.704147261033487	32.36859614105123	15.247283211355068	18036
SRZ187110	19.728809691345113	5.750908088165376	32.417321187456025	27.28448357834281	14.81847745469068	52583
SRZ187111	20.50746655530435	9.66836110191092	31.286090750687613	24.559710841985513	13.978370750111603	69443
SRZ187112	21.27853361416292	5.009392611145898	28.172140946092103	33.05629874195935	12.483634086639722	17567
SRZ187113	21.40308398113929	5.3205046514591565	28.705237670447303	31.604434815853192	12.966738881101058	31388
SRZ187114	20.68137678031938	7.5258955545964605	32.79564091497626	24.52524816573155	14.471838584376348	37072
SRZ187115	25.01589572405023	12.207916070577015	23.64488952471785	25.393419170243206	13.7378795104117	25164
SRZ187116	18.493848228785335	5.650821612397126	28.226583358564312	28.58715697338361	19.041589826869615	36331
SRZ187117	17.379564546545517	8.751928681638951	33.39619406823247	24.348534201954397	16.123778501628664	23332
SRZ187118	22.64494323598232	5.117427853366843	29.14897304792443	29.642949995666868	13.445705867059537	23078
SRZ187119	18.06967667325206	4.7993061244157476	29.31142485423794	30.27514094347805	17.5444514046162	20753
SRZ187120	17.257769652650822	8.482632541133455	33.40036563071298	25.90493601462523	14.954296160877513	5470
SRZ187121	15.917076598735067	7.624736472241743	33.29585382993675	25.67111735769501	17.491215741391425	14230
SRZ187122	16.950237145223216	4.65632763682903	26.56779342016111	28.355793119024316	23.46984867876233	26566
SRZ187123	16.800916413622563	7.738603923850392	35.411022419404695	26.73418550102733	13.315271742095023	54997
SRZ187124	18.1730481354579	4.128272512557799	35.986826785536074	32.064801570140716	9.647050996307508	30061
SRZ187125	16.567095588235293	5.9196920955882355	29.02688419117647	26.174747242647058	22.311580882352942	34816
SRZ187126	19.11844127788625	16.389015828174983	24.166008890366	27.177931951310708	13.148602052262058	24071
SRZ187127	22.993035190615835	4.160557184750733	24.807551319648095	33.35777126099707	14.68108504398827	10912
SRZ187128	12.051315277957755	4.885318128806531	22.923415835169106	22.936374238693794	37.20357651937282	7717
SRZ187129	14.520071704057798	5.149655060024988	27.589765875387037	24.330490520940845	28.410016839589332	18409
SRZ187130	15.616164975885582	7.821941349298742	31.406951604856147	26.021398081933587	19.133543988025945	36078
SRZ187131	17.333702200909872	6.034058772900528	28.37821222181237	26.500061477929425	21.753965326447805	32532
SRZ187132	20.84780650971311	11.025344139971697	23.774604399845618	28.032934516917535	16.31931043355204	15546
SRZ187133	22.051712424569395	8.855852615593653	20.593054389961235	31.958598089757423	16.540782480118292	25023
SRZ187134	15.984857264263916	6.0223278093251436	30.555877467454707	24.788503882257505	22.64843357669873	25887
SRZ187135	18.31934628975265	8.480565371024735	33.44743816254417	23.41541519434629	16.337234982332156	36224
SRZ187136	19.0047225179483	6.109245762017853	26.57985968935113	27.327819179428385	20.978352851254332	36633
SRZ187137	15.040503585986276	6.0523192817708065	23.84809865332026	24.46726175119963	30.591816727723028	19381
SRZ187138	19.208638564294947	8.232997896124306	35.712656206433294	22.805505563864035	14.040201769283415	39451
SRZ187139	15.961070559610706	5.558674901740595	27.714766984839976	32.26651693804978	18.498970615758935	26715
SRZ187140	16.45759605662285	5.512196663296259	37.4826213346815	25.92896865520728	14.618617290192113	63296
SRZ187141	17.589786575536785	9.426784447740022	33.08401573280031	22.22580437165517	17.673608872267714	15509
SRZ187142	20.369581599554405	5.147275646276334	28.721208348350316	31.28010222469775	14.481832181121195	30521
SRZ187143	14.574989875354362	5.980290689825856	31.435899743508976	31.34140305089322	16.667416640417585	22223
SRZ187144	18.012646793134596	9.214092140921409	32.12285456187895	22.755194218608853	17.89521228545619	22140
SRZ187145	19.662358352390985	4.101035537168847	33.406994372639204	35.79669553151579	7.032916206285171	38917
SRZ187146	34.92583270203563	6.605410424965177	25.397717553334473	22.98575303633831	10.08528628332641	40921
SRZ187147	18.470890097134827	7.75245891624412	34.52562771091698	28.55702852953754	10.693994746166535	32738
SRZ187148	22.102677644779632	4.877880024908324	30.069881685463226	33.463640766622845	9.485919878225975	28906
SRZ187149	28.572316489527005	6.830753931257381	26.69525762943626	25.209770650755175	12.691901299024178	16089
SRZ187150	20.403223509980922	15.46829171056753	29.051456559501098	20.9186433920893	14.15838482786115	35117
SRZ187151	24.32375760117425	5.95302998532187	30.446634514573287	28.639127699727407	10.637450199203187	47690
SRZ187152	23.953738682649895	6.177320980098347	31.289703058058798	27.606947639448748	10.972289639744211	47383
SRZ187153	21.630725226750968	10.185916977155545	31.645402882842195	21.666478491588574	14.871476421662715	53142
SRZ187154	21.383485765812186	6.640474043539869	28.69702434625789	32.77083601700374	10.50817982738632	31052
SRZ187155	21.051027516544757	4.8023336816440265	31.365377917102055	32.427725531173806	10.353535353535353	45936
SRZ187156	21.516831364987546	5.46959106612035	32.909134731260544	30.378404434803567	9.72603840282799	62235
SRZ187157	19.447612657944763	5.040814044504081	32.46337917924634	32.77870960527787	10.26948451302695	44715
SRZ187158	15.791865485117018	5.141688577271399	37.19933781283475	29.051838867789787	12.81526925698705	30807
SRZ187159	15.533310321021746	8.554303825273795	35.102143283020055	24.727774814070983	16.082467756613426	31867
SRZ187160	23.383084577114428	8.451413816990994	30.54978273191007	30.354556332262735	7.261162541721771	15879
SRZ187161	25.144373673036092	6.944798301486199	25.227176220806793	33.040339702760086	9.643312101910828	47100
SRZ187162	15.67503882611257	6.579017833235152	37.24629143683393	29.092807797354467	11.406844106463879	37346
SRZ187163	17.22809144440596	8.049012816072047	33.343436092829926	33.04035330793211	8.339106338759958	23096
SRZ187164	24.80205986482137	5.313807531380753	32.1853878339234	27.135500482780817	10.56324428709366	31070
SRZ187165	15.695536979605249	8.712440181560517	35.546016554047114	26.734991476514203	13.311014808272915	48689
SRZ187166	22.420441544133226	3.8221958557566	32.97173609051231	34.58197381244968	6.2036526971481845	23599
SRZ187167	18.676923800785755	5.566142047192227	27.61427529583363	28.97640388641871	19.166254969769685	42507
SRZ187168	15.672055711908627	9.123030464882188	35.74231187986606	26.820600258838514	12.642001684504612	48679
SRZ187169	21.424938739655094	3.6432567386379398	34.40750843774562	34.333533681631145	6.190762402330205	21629
SRZ187170	18.801140879973815	5.3396923364660775	30.322158320475054	31.24327862720344	14.29372983588161	21387
SRZ187171	20.581463414634147	16.554146341463415	25.155121951219513	23.36390243902439	14.345365853658537	25625
SRZ187172	21.298579921597135	5.820504166774838	30.91461356733041	33.36794828526182	8.5983540590358	38519
SRZ187173	19.565272657938223	4.8252192703698995	33.90110588534384	31.430024151519003	10.278378034829032	39335
SRZ187174	19.358766233766232	6.148538961038961	33.57954545454545	29.788961038961038	11.124188311688311	24640
SRZ187175	23.951923076923077	4.125	30.610576923076923	35.07211538461539	6.240384615384615	20800
SRZ187176	17.369704902427415	6.514754878629224	25.16956211327939	27.921227986673014	23.024750118990955	33616
SRZ187177	15.44622709351055	8.711285243137352	33.7491010985196	27.497706251394845	14.595680313437647	40327
SRZ187178	26.124348661911267	5.78742348358375	26.51894571761016	33.71781251580918	7.851469621085648	19767
SRZ187179	18.265839717864527	6.759090356317645	28.78268271920224	28.780250516843	17.412136689772588	41115
SRZ187180	23.240808375943512	13.055758461163867	29.082055028000973	22.95592890187485	11.665449233016801	41070
SRZ187181	22.309481276753512	5.241160807576932	28.91570325929421	32.2154437291449	11.318210927230442	29669
SRZ187182	19.294188618540115	5.977277297405992	28.07158656746431	29.67524633018299	16.981701186406596	39784
SRZ187183	25.1644815828651	16.440954713537916	23.79340152715747	22.566392930893723	12.03476924554579	41646
SRZ187184	26.33767814576254	4.574732464370848	25.242176801744687	38.829436526855	5.015976061266927	19717
SRZ187185	19.814342919548597	9.144521295959228	26.581725518747724	25.384055333090643	19.075354932653806	27470
SRZ187186	16.588566073102154	9.08622305529522	34.725866916588565	26.94704779756326	12.652296157450797	42680
SRZ187187	21.499498657696414	5.773522657437655	27.50590290131643	33.34411488824918	11.87696089530032	30917
SRZ187188	23.319460209358052	7.709042754445706	27.399419851179214	23.871232185647624	17.700844999369405	31716
SRZ187189	24.53121612833297	10.0422718404509	29.338283112941685	23.436483849989163	12.651745068285281	36904
SRZ187190	23.500572468661012	4.720664650794117	28.274080380471478	34.659307753280686	8.845374746792707	34063
SRZ187191	17.635995016976477	6.099318498253499	27.05732919709812	28.84046996751264	20.36688732015926	40939
SRZ187192	25.112564322469982	12.62328473413379	25.88443396226415	24.142367066895368	12.237349914236706	18656
SRZ187193	21.17867936624233	3.228317611502885	32.6174558109717	37.01804194523308	5.9575052660500045	21838
SRZ187194	21.938156109405128	7.46982789402271	26.537170606298652	32.432335928015426	11.622509462258087	28006
SRZ187195	25.0615044121698	8.2544145444874	31.35442689286359	26.291592655565793	9.03806149491342	105277
SRZ187196	20.503355704697988	3.791946308724832	33.69546979865772	35.763422818791945	6.245805369127517	23840
SRZ187197	18.731785133601253	6.681596465932448	27.76329110040801	35.254778047059546	11.568549252998743	32597
SRZ187198	17.112032721934813	8.46409280716006	34.731426454031094	26.770419142901932	12.922028873972096	70167
SRZ187199	26.568198395331873	4.460247994164843	26.849015317286653	34.883296863603206	7.239241429613421	27420
SRZ187200	17.962285320855273	4.908773316673254	34.95174102076985	29.990692455789166	12.186507885912459	78431
SRZ187201	22.26063965017542	14.182810460839647	24.6690734055355	27.099540685751087	11.787935797698344	59001
SRZ187202	23.12461966086084	5.971941250966267	27.51599480271706	32.690251805068996	10.697192480386835	60801
SRZ187203	22.941320368161943	5.904657065101061	27.15041433507629	33.24465645353637	10.758951778124331	65406
SRZ187204	23.73497688751926	11.395993836671803	25.711350796096557	28.977914740626606	10.179763739085773	48675
SRZ187206	22.75522006452791	6.19102696779692	34.33371887745784	29.414987520545445	7.305046569671882	16427
SRZ187207	21.262272538296717	5.028942403018965	31.97096165531357	33.243787777031564	8.494035626339185	62538
SRZ187208	13.796863357987897	4.503243862104058	35.50438875461137	36.09682519490432	10.098678830392354	55027
SRZ187209	16.049771617577573	5.751186913574691	33.21557950633395	32.07929257700875	12.904169385505028	44443
SRZ187210	13.182402372713792	5.757785467128028	35.81413741967375	32.92733564013841	12.318339100346021	50575
SRZ187211	13.124288026860123	5.393009173211823	34.711313627915345	34.10875951795671	12.662629654055998	33358
SRZ187212	24.814014878809694	7.204756952777111	27.483134682558727	31.304162333679972	9.193931152174493	37503
SRZ187213	23.022139650100634	9.428704133766837	28.53124838726325	28.492542705269134	10.525365123600144	38754
SRZ187214	22.01151445899622	7.950250505405643	29.882657994198823	30.412235211391405	9.74334183000791	45508
SRZ187215	22.31029513127389	5.673914405664515	29.24368694780375	32.61795851870418	10.154144996553669	63836
SRZ187216	18.829017270421858	6.317679506876701	32.34178035281269	32.12150380393536	10.39001906595339	54023
SRZ187217	18.10025832576974	6.166655030370732	31.459889687914544	32.64679187321092	11.626405082734063	57292
SRZ187218	16.904890058409585	4.89404541195702	33.825728126308235	35.97671590614596	8.398620497179197	50163
SRZ187219	17.044666389235676	5.585032598141212	33.88819531141628	33.99743376335137	9.484671937855458	57672
SRZ187220	14.154332519040093	5.997030224649135	35.52713512477846	32.854337309000336	11.467164822531974	20877
SRZ187221	13.417859691842647	6.515806708929846	37.365128678785844	31.059238423107605	11.64196649733406	23819
SRZ187222	14.011354420113545	6.935928629359286	35.08515815085158	32.402270884022705	11.56528791565288	30825
SRZ187223	14.799838253133846	7.231432807656018	31.284539695376736	32.787437660062004	13.896751583771398	14838
SRZ187224	17.764282337539548	8.08393032473908	31.797519909814902	31.579330157460273	10.774937270446198	27499
SRZ187225	17.680608365019012	6.609259673451129	33.07984790874525	31.335271751286065	11.295012301498547	26826
SRZ187226	16.335612021153104	5.69134528569586	34.260931252418416	33.309686572939505	10.402424867793112	31012
SRZ187227	14.052424170050156	7.442679722951994	35.56544064962981	32.58000955337951	10.359445903988536	33496
SRZ187228	16.474031266207305	7.898051418833815	32.61835963547455	30.10298584870712	12.90657183077721	26994
SRZ187229	16.043772956189176	6.240296868491802	36.79048809118104	29.069635351584687	11.855806732553296	26409
SRZ187230	27.51939976360553	5.285472018089316	27.468009661339227	31.825890333521762	7.901228223444165	38918
SRZ187231	24.974029255692507	10.961057921778925	26.790577533200437	28.028750315860403	9.245584973467727	35617
SRZ187232	21.678585546411757	6.0948000143745285	32.366047364070866	30.400330614151724	9.460236460991124	55654
SRZ187233	18.03585473678501	6.156600037970221	31.743104336741613	33.64703967888042	10.417401209622739	36871
SRZ187234	16.303821964199322	5.2249637155297535	33.826341373511184	36.24530605662681	8.399566890132927	43407
SRZ187235	15.857818057788823	5.798372557618282	33.81815524046192	36.022998586951225	8.50265555717975	41046
SRZ187236	11.010185634287225	6.133427399797169	18.431147757837646	17.23180034393051	47.19343886414745	22679
SRZ187237	15.207396301849075	7.9610194902548725	29.57021489255372	22.57871064467766	24.68265867066467	20010
SRZ187238	11.320025134129247	5.993523128232394	33.18671757939001	27.695877036106143	21.8038571221422	20689
SRZ187239	16.07725433903171	7.3665666188176955	31.674931488972987	24.856453086258647	20.024794466918962	30652
SRZ187240	16.414723879601212	6.578470805772127	33.023885319964165	25.91166434739511	18.07125564726739	52459
SRZ187241	14.91798409188422	8.96729264992244	30.697382751906005	21.931416878444832	23.485923627842503	30299
SRZ187242	13.186558516801854	8.528389339513325	32.64426419466976	24.33371958285052	21.307068366164543	21575
SRZ187243	11.57293111028442	4.210490716628902	34.4110385877101	32.72346038080422	17.082079204572356	29569
SRZ187244	11.98900202435266	6.112336465540683	33.04226969211711	22.90842070278273	25.947971115206816	33097
SRZ187245	10.080798314975311	6.4914885535720455	27.454162494389006	23.01543454991195	32.95811608715169	57922
SRZ187246	13.893936890797951	6.622454036959241	26.7022255788157	29.999291968563405	22.782091524863706	42371
SRZ187247	11.527255999386645	7.134094916813616	27.528176033121216	22.479490914666872	31.330982136011652	26086
SRZ187248	12.445141065830722	7.868338557993731	24.06935736677116	20.05485893416928	35.56230407523511	51040
SRZ187249	11.564686883186793	5.888510078353969	20.757820443806448	24.107303068365333	37.68167952628746	33438
SRZ187250	8.667145679899408	5.4068618645590085	16.103826118196515	21.093048320459854	48.72911801688522	22268
SRZ187251	20.11848926191064	6.0775117254998765	27.259112976219864	28.93112811651444	17.61375791985518	60765
SRZ187252	18.649907484208512	5.672175078159893	28.833024947361704	25.25362087666688	21.591271613603013	15673
SRZ187253	15.374056280027453	8.635970278416043	29.900629643997494	22.625406582913072	23.463937214645938	33511
SRZ187254	13.109742185717545	9.22655715263518	33.67556468172484	22.815423226100844	21.172712753821582	21915
SRZ187255	13.328021248339974	8.541832669322709	35.614873837981406	26.0398406374502	16.475431606905712	37650
SRZ187256	13.68321594227796	9.18227108744202	35.9932428563248	25.345015174941306	15.796254939013915	34926
SRZ187257	14.541435402100003	8.474494822076455	37.53814363631995	25.341791008914196	14.104135130589395	41619
SRZ187258	18.655120246230894	5.044603265689394	31.18837706713965	30.781470081903073	14.330429339036987	38338
SRZ187259	16.692280411396148	4.984828781967924	31.075383221026915	31.650707333412146	15.596800252196871	25377
SRZ187260	21.388627819548873	14.769736842105264	24.42669172932331	25.338345864661655	14.076597744360901	42560
SRZ187261	16.087378399223745	5.9512850496355085	25.606448884134053	22.496454606523525	29.85843306048317	40193
SRZ187262	13.206597579667376	8.299590510832019	35.06508361357034	25.310548349461257	18.118179946469013	43713
SRZ187263	12.115066846928046	7.974062390466176	34.352310850733566	27.079264934154523	18.47929497771769	39942
SRZ187264	11.994007880939199	8.222880776370209	34.32116455531312	31.06132152277982	14.400625264597648	30707
SRZ187265	16.821602478973	5.467020805666224	28.77379371403276	26.56042496679947	22.377158034528552	4518
SRZ187266	10.390213688448435	5.048002477547228	42.056364199442555	29.1421492722205	13.363270362341282	6458
SRZ187267	20.829244357212954	9.003925417075564	26.692836113837096	19.18547595682041	24.288518155053975	4076
SRZ187268	15.966982652995421	7.383762171922358	26.73631263300445	24.2277681047269	25.685174437350874	15507
SRZ187269	15.749902101553323	8.126876386894661	29.285993995561938	25.64678240438585	21.19044511160423	38305
SRZ187270	11.707239585401691	7.140304197609309	39.478177991342676	24.943409713673006	16.730868511973313	25181
SRZ187271	12.579789559590777	7.52863680083943	38.354367658631844	25.66673467603253	15.870471304905418	34309
SRZ187272	9.53606237816764	5.617933723196881	42.00389863547758	28.230019493177387	14.612085769980506	25650
SRZ187273	14.045416316232128	6.111578357162882	25.497617045135968	30.41771797028315	23.92767031118587	28536
SRZ187274	9.608817137534928	4.959639863396461	18.674324743868365	20.327538031667185	46.42968022353306	12884
SRZ187275	16.181005242059822	4.494295405488745	27.867715078630898	18.75578168362627	32.701202590194264	12972
SRZ187276	12.00068870523416	7.119490358126722	34.16838842975206	23.740960743801654	22.9704717630854	46464
SRZ187277	11.673310250516455	7.471849631935756	35.35162501091099	28.214379237103202	17.288835869533592	34369
SRZ187278	10.857265630595144	7.347991119386951	34.560385781470075	30.418486953615506	16.81587051493232	41889
SRZ187279	8.487839724648504	5.263499691528396	37.59781796928272	32.84735526187616	15.80348735266422	30797
SRZ187280	8.528680337559623	4.888091646622366	43.56476007990542	30.233601043662603	12.78486689224999	24529
SRZ187281	7.848613640963368	3.1005869257235377	45.840922890103215	30.54442420562639	12.665452337583485	24705
SRZ187282	8.745764274682465	4.317558378091792	44.30972084553145	31.223346626403263	11.403609875291027	43381
SRZ187283	18.535767511177347	6.113387978142076	30.486214605067065	29.474043715846996	15.390586189766518	32208
SRZ187284	17.920425457889113	5.452421779865305	31.442133253808493	29.3421804716817	15.842839036755386	40239
SRZ187285	16.00487540628386	5.249187432286024	31.55742145178765	24.807692307692307	22.380823401950163	36920
SRZ187286	16.824150202478833	6.381151061479936	30.0159528776537	23.80660203705976	22.97214382132777	8149
SRZ187287	13.770089893761918	6.088259329882866	25.878507218741486	23.22255516208118	31.040588395532552	14684
SRZ187288	14.934655250112664	8.96800360522758	33.21315908066697	25.678233438485805	17.205948625506984	11095
SRZ187289	13.028723194963604	10.643320873499901	34.80228211686012	24.650796773558923	16.87487704111745	20332
SRZ187290	14.467564259485924	10.142798857609138	33.48837209302326	26.1281109751122	15.773153814769481	12255
SRZ187291	18.624584451475947	4.385789241799175	30.31601714262827	31.99423238675051	14.679376777346096	24967
SRZ187292	17.926232759000573	4.552064513286036	30.793636804300885	31.084475388886442	15.643590534526066	22693
SRZ187293	14.86970684039088	4.457111834961998	23.789359391965256	32.35070575461455	24.533116178067317	18420
SRZ187294	14.943905457739449	5.090429991615762	26.79362797939873	24.37018405397852	28.801852517267537	25047
SRZ187295	13.407239314013616	6.923105539228452	26.375506863583944	21.51705665711841	31.77709162605558	26881
SRZ187296	12.206460126563297	8.013676033950155	33.140389287106736	25.039738475842007	21.599736076537805	33343
SRZ187297	10.836752899197146	7.632471008028546	36.94558429973238	27.093666369313112	17.491525423728813	28025
SRZ187298	10.462828300111216	7.288904097869792	35.59471868138136	28.648016653834087	18.00553226680355	35067
SRZ187299	15.29737009995038	5.323598213652796	22.598709860353015	23.796696675409372	32.98362515063444	14107
SRZ187300	13.700725245448714	6.458138043317382	21.93004094923282	19.788840100646308	38.12225566135478	20269
SRZ187301	9.072699959029453	5.066690945509173	23.558064369281194	19.101379341739882	43.201165384440294	21967
SRZ187302	12.794018004065434	6.42725776788307	35.79759945794211	29.481657148388347	15.499467621721033	41324
SRZ187303	12.497699922717404	5.5937879512751625	36.683472564678176	30.357340006624224	14.867699554705037	27173
SRZ187304	11.651858374022787	5.661837295552176	39.00317511139571	28.35988153365885	15.323247685370474	37479
SRZ187305	11.674015508590543	5.394556788809488	38.35487304242056	30.10795195377832	14.468602706401095	32885
SRZ187306	17.278010772145702	4.506844357396802	35.42247674195815	34.334617759138226	8.458050369361123	46973
SRZ187307	15.977910722503452	6.184997699033594	30.7163675410339	26.424298205246203	20.69642583218285	32595
SRZ187308	15.725990786651193	5.942961634490277	30.896367408657735	30.4497661497345	16.984914020466295	28437
SRZ187309	15.83971625853677	4.867373504886239	31.502094102554427	23.46904124061427	24.321774893408293	26503
SRZ187310	15.019418532902616	5.524300388370658	27.53802039853363	25.374759536858917	26.54350114333418	27551
SRZ187311	14.295441089402013	7.208407341622261	33.522794552989936	25.21610420367081	19.75725281231498	33780
SRZ187312	12.100597262768835	8.107239467552294	34.28770388622546	29.016792993545277	16.487666389908135	37337
SRZ187313	11.624058293195011	7.378041249845622	35.9935778683463	30.30011115227862	14.704211436334445	40485
SRZ187314	18.84220282690971	7.557735382714142	20.900594732370433	24.297134471306094	28.40233258669962	51788
SRZ187315	21.272923408845738	7.513484358144552	25.312837108953612	28.581445523193096	17.319309600862997	18540
SRZ187316	12.67259056732741	6.698564593301436	33.35611756664388	27.915242652084757	19.357484620642516	14630
SRZ187317	31.462765029483258	10.952419720635955	26.34651841685954	21.908328584222094	9.329968248799153	85981
SRZ187318	17.58871312526721	6.451474989311672	30.44035912783241	30.688328345446774	14.831124412141941	23390
SRZ187319	14.946962391513983	7.222425431450138	33.52841419213248	29.9438034116982	14.358394573205201	30073
SRZ187320	12.916589946602835	5.588289449456822	37.30436383723071	29.399128460074877	14.79162830663475	32586
SRZ187321	23.485102109139603	7.123726624898369	24.32684489932565	27.39968434645368	17.664642020182697	41818
SRZ187322	21.360992070885867	6.720079498167816	25.325549137734715	27.679440200401633	18.91393909280997	48303
SRZ187323	18.570264027897288	6.849780354150627	27.60065214437752	27.496490195190436	19.482813278384132	44162
SRZ187324	16.457426973275325	5.347420758234929	34.180236171535114	27.29397141081417	16.72094468614046	40225
SRZ187325	16.344351678309764	9.69500766740501	27.28318282501278	23.74765718180269	22.929800647469758	23476
SRZ187326	14.606508384525984	9.530134484476175	30.105429188112236	23.746471857878134	22.01145608500747	24092
SRZ187327	13.09245054501413	9.802180056519983	30.88009689140089	25.999192571659265	20.226079935405732	24770
SRZ187328	13.623297087864017	10.217472815898013	33.15523059617548	25.996750406199226	17.007249093863265	32004
SRZ187329	23.83989906070377	6.843777746623674	25.18575634375438	25.3726809664003	18.757885882517876	42798
SRZ187330	21.664468622925597	7.43213539949445	26.178700956149026	24.96977689856028	19.754918122870645	36396
SRZ187331	20.782082820828208	7.280135301353013	27.152521525215253	25.527880278802787	19.25738007380074	39024
SRZ187332	16.90425998205005	6.343010999561687	25.52440984325103	28.444407338607	22.783911836530233	47911
SRZ187333	18.525247677487915	9.255767714510988	30.08124507216071	26.440643104453052	15.697096431387337	29171
SRZ187334	16.337505795085768	9.766651213104621	30.591871426363777	26.493586771750888	16.810384793694947	32355
SRZ187335	13.907451771529441	7.618837473206405	32.76699029126213	29.06316983986887	16.643550624133148	31724
SRZ187336	11.8353285077951	6.218680400890869	33.90520601336303	31.719793986636972	16.32099109131403	28736
SRZ187337	14.374236341420842	5.061965438994589	22.045732239483332	25.907662768371445	32.610403211729796	22916
SRZ187338	15.252544468752973	5.131741653191287	20.93122800342433	25.01189004090174	33.672595833729666	21026
SRZ187339	13.515189088654681	5.079266672571074	21.52156584890621	20.485342308032948	39.39863608183509	22582
SRZ187340	17.32279950008927	11.663095875736476	26.383681485449028	19.492054990180325	25.138368148544902	22404
SRZ187341	12.28468234858307	6.941100203741434	33.05704760140767	28.940544545286166	18.776625300981664	21596
SRZ187342	11.22474961806145	6.484467832286539	33.55966728908505	29.867594635885247	18.86352062468172	23564
SRZ187343	12.017311494981906	6.129910830877141	34.94758049472074	31.149498190501063	15.755698988919152	26803
SRZ187344	9.799328147100425	4.601308345120226	38.78182461103253	31.33398161244696	15.483557284299858	22624
SRZ187345	18.192831903079252	5.711761736496719	30.673902069661786	33.6092882382635	11.812216052498737	39620
SRZ187346	16.210852220855	5.22367324256738	32.096217203191365	34.267455245504706	12.201802087881555	50386
SRZ187347	17.62734851809007	4.902469185049264	26.710279628226097	29.418804100682117	21.34109856795245	25069
SRZ187348	17.75340976029725	5.732022293715166	30.907607956862567	27.90339390094703	17.703566088177986	22069
SRZ187349	17.071898152979234	10.763852655744548	30.705415840550977	23.312115204007096	18.146718146718147	19166
SRZ187350	19.89220768534518	5.179790998107463	29.274664691845636	31.691763350613016	13.961573274088702	48612
SRZ187351	21.84647401031074	4.696589887906163	28.013999905406045	34.8531428841697	10.58979331220735	21143
SRZ187352	25.94917607291604	8.625580974225871	24.705740327156395	31.32130138226595	9.398201243435746	16567
SRZ187353	17.020869232242006	6.551790158912502	24.288722956155468	21.02240091901206	31.116216733677962	26115
SRZ187354	19.326001672133255	9.942761592385363	26.985658241687567	26.117435204836323	17.62814328895749	15549
SRZ187355	33.30073987158176	8.135328053192529	23.219582151820344	25.4880870897298	9.856262833675565	30681
SRZ187356	16.184744850530848	8.78712265766427	30.441802436518422	32.271637555653406	12.314692499633054	20439
SRZ187357	25.41830860962677	7.961790010109555	22.420516206234915	34.88208958303245	9.317295590996308	48469
SRZ187358	19.96320940459595	7.256082663869049	30.04613195751836	32.24925628386244	10.485319690154205	69583
SRZ187359	17.413007940214854	7.814689397477814	32.394325081737506	31.600303596450257	10.77767398411957	34256
SRZ187360	18.165308427189206	7.072001953423069	31.23035131093001	31.444006959069682	12.08833134938803	65526
SRZ187361	22.773091066407094	4.5446679645252	29.46355180618646	31.851611507678996	11.36707765520225	46230
SRZ187362	29.10281376118308	6.691502271893433	24.56184912369825	25.202494849434142	14.441339993791098	35433
SRZ187363	19.780266038053544	9.353426502778245	25.214682606499412	28.30021889206937	17.35140596059943	23756
SRZ187364	14.683050354933787	9.94229731412678	31.213416912283616	25.82091411017477	18.340321308481048	24089
SRZ187365	15.373040143682346	9.091791660599	32.464443473617784	24.668705402650357	18.402019319450513	20601
SRZ187366	20.995123713202094	3.630124616218169	30.40455120101138	38.12533863102763	6.844861838540726	22148
SRZ187367	21.5235134084726	3.9331519626894678	30.874465604352896	33.8904003109211	9.778468713563933	12865
SRZ187368	22.336321651725076	4.563977180114099	25.400706329801686	35.19695734854659	12.502037489812551	18405
SRZ187369	15.784850327724847	9.07493749577674	32.98871545374688	23.771876478140413	18.37962024461112	14799
SRZ187370	16.277685950413222	10.158677685950414	29.63305785123967	25.31900826446281	18.611570247933884	30250
SRZ187371	20.223630920936785	6.069143628573106	24.907554146856842	30.665610142630744	18.134061161002524	34074
SRZ187372	15.078698561482405	7.298241811827811	36.69980765583941	26.18589656760491	14.73735540324547	36913
SRZ187373	18.988559111258496	4.171779141104294	31.01309898855911	31.003150389653456	14.82341236942464	30155
SRZ187374	14.537677253017696	8.484706433845073	34.88808156568616	26.338919489042542	15.750615258408532	34132
SRZ187375	18.58787047528177	4.913829089391139	27.38982646550182	30.818772735404615	18.289701234420658	33538
SRZ187376	14.815298832549225	5.745774525178603	21.393099843178256	26.60306673636522	31.4427600627287	22956
SRZ187377	20.01924927815207	11.053527800399793	28.53335307618272	23.906122751166063	16.487747094099355	13507
SRZ187378	19.0438624171663	5.222467655411802	30.183023035657936	29.065951404228464	16.4846954875355	31690
SRZ187379	15.476190476190476	6.2713387241689125	18.638814016172507	23.189577717879605	36.4240790655885	22260
SRZ187380	15.789473684210526	7.214450226051352	38.27518553271347	26.503454747078393	12.21743580994626	46892
SRZ187381	18.432671081677704	4.827078734363503	33.42163355408388	29.072847682119207	14.245768947755703	27180
SRZ187382	16.641100093135375	6.083931408535583	25.87245932175533	24.300115049580892	27.102394126992824	36506
SRZ187383	17.020943064961124	8.029219964885879	26.91246551291698	25.2414095811387	22.795961876097316	31896
SRZ187384	19.58710291816883	5.064281341405347	32.04884021495136	30.32446772328413	12.975307802190327	29402
SRZ187385	20.65949567977429	5.459354611179686	31.93440310350908	32.35760888732146	9.589137718215483	28355
SRZ187386	20.930649840007177	6.133556625497174	30.183318879153084	30.892072131343642	11.860402523998923	33439
SRZ187387	14.542448109307688	6.335668595796528	28.131935076802577	28.18415212566903	22.805796092424178	22981
SRZ187388	13.809389538982096	6.217397434089948	23.882701254758214	22.81827153531651	33.272240236853236	14186
SRZ187389	17.581026333558405	5.49881836596894	32.929608372721134	31.283760972316003	12.706785955435517	23696
SRZ187390	17.882597901817892	5.806038279811004	29.166332986305758	32.51381436694162	14.631216465123728	24974
SRZ187391	11.887323943661972	7.316901408450704	18.450704225352112	20.795774647887324	41.54929577464789	14200
SRZ187392	20.154473914310696	5.552317108714661	29.957252501700186	31.929466627805304	12.406489847469153	20586
SRZ187393	13.706957015463745	6.145419324671854	33.93674225977756	30.159313316188506	16.051568083898335	29941
SRZ187394	18.186475409836067	11.782786885245901	28.346994535519126	20.372267759562842	21.311475409836067	5856
SRZ187395	12.76971361318164	6.38485680659082	28.74166339741075	24.377206747744214	27.726559435072577	20392
SRZ187396	27.788535423390194	8.808974950053788	15.546334716459198	13.997233748271093	33.85892116182573	32535
SRZ187397	14.749117188141579	6.553338260655334	33.25942350332594	29.046563192904657	16.39155785497249	36531
SRZ187398	18.08199121522694	5.24933252949789	28.102661269485832	29.81655326845233	18.74946171733701	23222
SRZ187399	19.71090670170828	7.887732066444287	25.29060952188416	26.496849624313487	20.613902085649787	29679
SRZ187400	14.51497005988024	7.652694610778443	31.491017964071855	29.868263473053894	16.473053892215567	16700
SRZ187401	13.71991325061329	5.556938173285455	35.65968642229886	34.617982721228714	10.445479432573684	28127
SRZ187402	23.39857398517172	8.215208931057012	29.116836633241483	28.562906570462744	10.70647388006704	35203
SRZ187403	22.97721095546728	6.059338946648166	25.59633550643377	29.22851766673636	16.138596924714424	52613
SRZ187404	24.754046334496984	6.45033322754681	28.19898444938115	28.384639796889875	12.211996191685179	63020
SRZ187405	12.288631409888723	4.118389354135597	38.66926694963864	33.812091315819664	11.11162097051738	43585
SRZ187406	21.723873231714002	4.5810944182476145	27.620901414628797	28.06228753152758	18.011843403882004	36476
SRZ187407	18.812933542179458	11.126650257328262	28.770418438129337	22.527411053927054	18.76258670843589	17876
SRZ187408	15.988525455025059	7.273806383539963	34.33131099973622	27.53890793985756	14.867449221841202	30328
SRZ187409	17.59578570070872	8.04572731962962	23.42031661552665	24.522768620848833	26.415401743286175	36827
SRZ187410	13.059754808104477	5.804017946446432	34.81839224987855	31.05764009944846	15.260194896122082	34993
SRZ187411	22.679307502061008	7.24237427864798	24.616652926628195	28.351195383347072	17.110469909315746	24260
SRZ187412	15.054162797895389	5.1934385639121015	24.042092231507272	25.896007428040853	29.814298978644384	32310
SRZ187413	17.870841979500725	13.538326101993334	21.826070552725902	24.353895491416715	22.410865874363328	15903
SRZ187414	14.998023107674735	6.747792470236788	33.30843913368185	28.55071827087818	16.395027017528445	22763
SRZ187415	17.399706268841307	4.804050398083017	25.299528484192624	29.81757749091752	22.679137357965526	25874
SRZ187416	12.57679180887372	7.4573378839590445	25.83617747440273	25.486348122866893	28.64334470989761	11720
SRZ187417	22.976550680786687	7.173474533535048	21.696923852748363	29.948310640443772	18.204740292486132	15864
SRZ187418	12.002974714923154	4.189390183440754	32.92513634110065	36.90629647992068	13.976202280614775	20170
SRZ187419	11.364061622902764	4.8462545998877316	28.653402357637372	33.96744215056446	21.168839269007673	16033
SRZ187420	17.777563886616296	8.633716733240291	31.012079503344722	26.084027142788393	16.492612734010297	20779
SRZ187421	18.155889822230904	4.618089470599727	27.53662824770463	32.24067200625122	17.448720453213518	25595
SRZ187422	15.558412284718065	6.203993942168845	27.21445426689677	27.689923572711585	23.333215933504736	56786
SRZ187423	12.826620470622203	4.54742312689476	28.056878879745923	28.872527789807997	25.696549732929117	13854
SRZ187424	12.159036144578312	5.942168674698795	16.351807228915664	18.626506024096386	46.920481927710846	20750
SRZ187425	17.174930691269374	6.73999000136345	18.9065127482616	19.356451392991865	37.82211516611371	22003
SRZ187426	16.935532964022645	11.444572959152614	29.52456321909052	24.447555853168563	17.647775004565656	16427
SRZ187427	15.56726274393411	7.249387845959784	32.54062476812347	28.266676560065296	16.37604808191734	26954
SRZ187428	12.421912542047092	6.225973089860644	36.668068236424794	29.619173474291205	15.064872657376261	33296
SRZ187429	11.294557068232875	5.0098790158876225	25.30922673018107	26.291715159552872	32.09462202614556	36947
SRZ187430	26.266565926772987	7.432970533581099	23.38526883257438	24.255171427987992	18.66002327908354	48971
SRZ187431	11.925505555111501	5.283350651426744	31.552234034050034	37.69283030932779	13.546079450083926	50044
SRZ187432	9.737248840803709	5.599269355065337	34.37895180553604	36.11072080932978	14.173809189265139	28468
SRZ187433	9.364561485279266	5.010487065951993	34.51798337605842	36.634817058960614	14.47215101374971	25746
SRZ187434	12.758743380983278	4.8368530107369345	36.11419242763557	33.489608405366376	12.800602775277842	47779
SRZ187435	13.768428622797554	5.627472132326501	28.6084142394822	25.812657317511686	26.183027687882056	55620
SRZ187436	12.76764221462055	5.096287849993665	28.031166856708477	28.088179399467883	26.016723679209427	31572
SRZ187437	13.484348524034603	5.859270489610274	22.52742352626416	25.492731650762508	32.63622580932846	22426
SRZ187438	17.64012957691175	5.3155983115735745	23.868656130362226	27.054088544223028	26.12152743692942	40748
SRZ187439	14.714098801230595	6.326249160154178	25.33682237702889	22.072916298313235	31.5499133632731	28279
SRZ187440	15.847556864554132	9.776090273588588	28.88116106596643	25.641389588729997	19.853802207160854	28181
SRZ187441	10.808286352870534	5.620976081662608	35.29038929846215	32.965273376255126	15.315074890749575	29977
SRZ187442	11.296652558676413	5.217391304347826	17.568295498268565	19.20738745671412	46.710273181993074	25990
SRZ187443	15.819753148997643	6.465265985756647	24.411384545201106	29.368679828674253	23.934916491370352	39457
