	Eukaryote	EukaryoteVirus	Plasmid	Prokaryote	ProkaryoteVirus	TotalCnt
SRZ187075	4.341378046974268	1.6060682241606448	6.839175884567713	39.03308505413812	48.18029279015926	4105056.0
SRZ187076	11.83941485361818	2.1660781076234894	15.20109789971277	52.92997368941973	17.86343544962583	3465526.0
SRZ187077	8.743609236932569	0.4018723786011529	23.06497822004287	65.10561884990528	2.6839213145181287	8284222.0
SRZ187078	4.114857272060822	0.8017782241708381	10.77591092805797	33.34690105234454	50.960552523365834	20008276.0
SRZ187079	14.047980915369669	0.4838492468112122	16.93953327305258	66.32614453272797	2.2024920320385797	623748.0
SRZ187080	17.71108280881801	1.4255741981529677	12.352720404107524	57.52564126228227	10.984981326639225	325062.0
SRZ187081	22.160477160599886	3.6243587540806557	14.129255541101102	46.24285118185612	13.84305736236224	407410.0
SRZ187082	8.02378616652356	0.9020768366329263	27.04857237451723	56.90113594105534	7.124428681270944	2941878.0
SRZ187083	15.232215180621361	0.6552415020680522	15.116666523350503	60.17344122174163	8.822435572218449	1860688.0
SRZ187084	21.447840869371802	2.1845508563439355	14.632677703282386	47.91665342696451	13.818277144037367	1258840.0
SRZ187085	10.799635845117955	0.778895108792016	19.953199243678323	64.81532251695987	3.6529472854518334	2684572.0
SRZ187086	11.568585263553583	1.5204348621765862	16.45497306841957	54.251925274138266	16.204081531712	1617432.0
SRZ187087	23.600478332380135	3.1057365646553965	17.567809194583127	40.541712688616016	15.184263219765324	1577146.0
SRZ187088	11.671509605650966	1.6865261814558883	20.001631193537914	58.540657498932525	8.099675520422704	1250618.0
SRZ187089	16.469927723283426	1.7268972638100155	14.262648425400103	49.78846153846154	17.752065049044916	1549600.0
SRZ187090	14.648405657742115	0.7316726185593131	18.003133959640664	54.012101777883466	12.60468598617444	1925998.0
SRZ187091	11.352404869626701	0.616551183958088	19.08001907864761	63.091655225065566	5.8593696427020365	1312462.0
SRZ187092	7.954588773900526	1.4932553001849778	6.3146582630968435	34.427467474590514	49.81003018822714	1101754.0
SRZ187093	37.420943140329236	18.891769731840245	7.299548564792509	23.668182590363628	12.719555972674385	718154.0
SRZ187094	7.849527581494932	0.8821158113443771	22.681081581402374	63.16158685850828	5.425688167250034	1642188.0
SRZ187095	1.734161437058541	0.5850326187251448	7.2658007910513	27.045428791893073	63.36957636127194	1853230.0
SRZ187096	24.994612049284225	3.4457314645363257	8.843179584963417	42.99402028791747	19.722456613298558	547518.0
SRZ187097	8.129961256189548	0.458354043144342	19.196591043795273	67.00329208008301	5.21180157678782	961702.0
SRZ187098	1.567784373495909	0.26664527514840364	6.321514519493021	33.05888015401893	58.78517567784373	623300.0
SRZ187099	26.032564703928934	2.6460119134098505	11.856073971067433	41.187916398580356	18.27743301301343	770896.0
SRZ187100	7.811746074950202	1.034032907045638	23.080983664699502	58.098572671673246	9.974664681631413	1454886.0
SRZ187101	14.514278604054166	0.9228488031480551	13.613204885025334	50.30103683470267	20.648630873069777	2700334.0
SRZ187102	17.760522969285283	3.443808860066344	15.175431847906268	42.342251628056424	21.27798469468568	1767752.0
SRZ187103	9.437259144181496	1.3017730800634129	19.71816890803557	58.64205767513971	10.900741192579813	1259052.0
SRZ187104	17.66606039084061	0.9790843853030087	14.14061753609264	48.216413430842195	18.99782425692155	2219012.0
SRZ187105	21.491671822493963	4.018876393589791	13.630794240031056	37.18746588055465	23.671191663330543	824310.0
SRZ187106	8.48357093184979	0.8349269819193325	19.469749652294855	56.58531815020862	14.626434283727399	920320.0
SRZ187107	17.394375769978776	0.9308782494308445	14.481113243474379	54.64780863104062	12.54582410607538	1868558.0
SRZ187108	19.071747396263845	3.0860013592696682	17.75582740948917	41.43779504417626	18.64862879080105	2177640.0
SRZ187109	11.194497850464977	1.7860531896459249	19.651948609197206	61.74240236325079	5.625097987441104	484756.0
SRZ187110	18.11996449397544	2.2418062203497087	19.390451597558748	50.89610240684978	9.351675281266324	2354530.0
SRZ187111	18.18500399967703	3.1960790679129345	18.75311629362707	41.90762535720321	17.95817528157976	2402694.0
SRZ187112	10.048906638124905	0.2954196041067965	22.729677141946798	64.66564996953002	2.2603466462914787	646538.0
SRZ187113	10.32705286678439	0.4100304594055558	22.320658106030734	63.23926920285507	3.7029893649242513	1399896.0
SRZ187114	19.708769725884313	1.7829164667024249	11.68079355221184	53.903537249809446	12.923983005391976	1133536.0
SRZ187115	15.635743410708098	2.6371704142671284	20.91081106618244	56.49335074487647	4.322924363965859	825506.0
SRZ187116	3.13339996837659	0.7366560502360462	15.272695443970093	63.39703191705631	17.46021662036096	1416672.0
SRZ187117	23.949521493833263	0.367769070824331	16.061450622091883	40.736520213753074	18.88473859949745	1181176.0
SRZ187118	12.399088360060583	1.2742709669954109	20.298659195021106	62.961218109648875	3.066763368274021	967926.0
SRZ187119	15.725438529632735	1.5335198876318856	14.578456245032175	54.3698348232271	13.792750514476106	918410.0
SRZ187120	32.701210826210826	5.31517094017094	4.5762108262108265	44.32556142114966	13.08184598625775	381888.0
SRZ187121	13.720131342042656	4.055986090551856	7.97377653314308	57.19530247151119	17.054803562751218	712034.0
SRZ187122	9.533163803701807	1.7331280873604	10.89245101179082	27.320492177088113	50.52076492005886	1355122.0
SRZ187123	15.65927262774478	3.252835344185829	21.393211427397326	50.33967396512716	9.3550066355449	2608678.0
SRZ187124	10.991989454564402	0.6653058276878018	28.003451765327494	59.03368853485542	1.3055644175648782	2187866.0
SRZ187125	6.6995097339235565	1.2099576372031033	15.670069970012852	55.82214765100671	20.598315007853778	1680720.0
SRZ187126	13.73402738111917	5.69931062230796	11.95292545452586	60.15475972367414	8.458976818372868	556734.0
SRZ187127	14.408373800293834	0.2206040523408287	20.829233240728453	62.58610194470253	1.9556869619343589	436982.0
SRZ187128	1.2923272942384825	1.0290513615591135	10.683152290500614	25.14187647483277	61.85359257886902	307662.0
SRZ187129	3.2970792410873377	1.2073610536969195	7.353926417972146	34.1268370561487	54.01479623109489	701530.0
SRZ187130	16.01188565559112	4.7296838745769865	17.84187309127927	43.67593246453104	17.740624914021588	1090390.0
SRZ187131	10.5519650252617	1.2314524546645094	17.123196637207975	47.05002543005141	24.043360452814408	1128586.0
SRZ187132	18.986476883889235	2.852207755293912	10.861675029790211	44.40927924086889	22.89036109015775	365892.0
SRZ187133	10.011337740574445	0.8539969766025135	20.09346585140227	59.46588524627152	9.575314185149253	709136.0
SRZ187134	11.507376297028305	1.3793793087221478	17.5635083096084	42.6809565265131	26.868779558128043	1020024.0
SRZ187135	18.7446372390123	3.6279503697751387	16.55254484289664	35.75378287457609	25.321084673739836	1174768.0
SRZ187136	14.211295168269894	1.1421085996875266	17.130033263749766	44.218737080014336	23.29782588827848	1378678.0
SRZ187137	5.776002666886094	0.9747637463841962	10.71628256333327	28.571338148075476	53.96161287532097	947922.0
SRZ187138	20.092322878460898	5.996793538043671	15.792147716605538	39.9878709286159	18.130864938273994	1239996.0
SRZ187139	9.180781879775475	0.5425187309908261	19.674834944734304	59.385030043767465	11.21683440073193	808820.0
SRZ187140	12.094187910840771	0.5602158889143385	27.31266866321433	52.66852544220546	7.364402094825107	5806690.0
SRZ187141	23.34488347398424	3.6863577935505507	8.061253003968032	44.74431341865534	20.163192309841836	357860.0
SRZ187142	12.026641364262323	0.9156122972638698	19.05562713904385	64.41258671549932	3.589532483930635	1083428.0
SRZ187143	12.213784453586632	0.7720238111574319	29.872628421344412	47.71672516995228	9.42483814395925	728734.0
SRZ187144	28.161611102288138	4.888097535946834	9.46589784624406	29.193593706097218	28.290799809423753	654856.0
SRZ187145	7.838499161197257	0.15158841556464456	21.433345479321353	69.15763452357261	1.418932420344138	4934414.0
SRZ187146	27.430961762961807	1.7182960148654889	17.698944139285967	43.33151352415332	9.820284558733412	1615554.0
SRZ187147	15.520363532491764	5.740731520038575	13.827180552898538	49.303045947341246	15.608678447229874	763178.0
SRZ187148	12.740300433139803	1.048444075814825	20.996989524774982	60.1042914631524	5.109974503117992	1302120.0
SRZ187149	14.509295287505404	2.322895435735903	16.259650423074547	52.29448459020443	14.61367426347971	323820.0
SRZ187150	21.622677924239035	5.649939461336847	14.498455810805094	32.342957066906806	25.885969736712216	992754.0
SRZ187151	15.301298180434785	1.2291080920271371	23.491363481444132	46.61054504432761	13.367685201766337	2423546.0
SRZ187152	16.1405937810539	1.1367301984280784	22.37660302115098	45.302232915123874	15.043840084243165	2461446.0
SRZ187153	21.92786565643139	3.2306260800212683	15.43843324914706	29.859719083698877	29.543355930701406	2256900.0
SRZ187154	12.92505428639103	3.2500918365465488	15.779575268382557	52.15918712955123	15.886091479128638	1410114.0
SRZ187155	13.777674992732651	1.8860021565766278	16.926405748579825	52.70094754764588	14.708969554465016	2793316.0
SRZ187156	17.65917974447232	2.283530715827548	15.987865352079808	52.22046555043463	11.848958637185696	3428200.0
SRZ187157	9.177461659455338	0.7587381307543819	23.91771671813264	59.66949399518477	6.4765894964728625	1969586.0
SRZ187158	14.992525786038168	0.4890627335691863	21.892720115601175	47.945587722357864	14.680103642433604	802760.0
SRZ187159	21.264052273937143	3.119109004937215	19.840297276703236	31.247664478147865	24.52887696627454	958030.0
SRZ187160	14.327055195479387	1.2414896108084703	25.061301310853977	54.65470241803297	4.715451464825198	452682.0
SRZ187161	10.915984771217913	2.394640340701178	19.364065991389044	60.426032185984226	6.89927671070764	2568820.0
SRZ187162	12.424093423478796	2.9885269412005737	21.98238065970088	52.88342552755583	9.721573448063921	976200.0
SRZ187163	9.740796029545763	8.312750819100057	22.232605028983542	51.87995579767744	7.833892324693201	515810.0
SRZ187164	19.117835644864826	5.008879545180758	14.280523679434818	45.78775361107981	15.805007519439792	1029332.0
SRZ187165	17.32273438111395	3.388198341714075	18.009818135031853	39.375867973805924	21.903381168334192	1507822.0
SRZ187166	13.951814995732626	0.3006682525558844	22.07335342933411	63.07446113058163	0.5997021917957471	4405520.0
SRZ187167	7.285364668204412	0.3521887520297636	14.542802789654893	32.07263901938538	45.74700477072555	5600406.0
SRZ187168	14.10135523371941	2.5206210628450436	19.613845736138796	44.40816128943995	19.3560166778568	1900484.0
SRZ187169	10.431239369670756	0.7972847504155584	22.25490101423599	65.8026029321606	0.7139719335170962	4971624.0
SRZ187170	10.407124799534133	3.4853715762894906	20.798843960912816	37.89941042622779	27.40924923703577	1298226.0
SRZ187171	12.112407860632977	4.050520256935555	27.385221293404108	40.327930905949216	16.123919683078142	1384316.0
SRZ187172	10.839368066924665	5.221577435029053	17.85941474635387	53.48361162415192	12.596028127540489	2669270.0
SRZ187173	12.150065404503275	0.8681644776319333	18.33581419380236	52.749859554593286	15.89609636946915	2926404.0
SRZ187174	24.43791537184733	7.92057663836106	14.25117709192142	34.05267335999878	19.337657537871415	1829084.0
SRZ187175	13.517596050035804	0.4240163088017073	24.67286029242396	59.717197104905644	1.6683302438328818	1276366.0
SRZ187176	4.283326983022936	1.0643589042006665	11.87966204415213	26.411814645946755	56.36083742267751	3128456.0
SRZ187177	19.712911920813887	3.679516483235055	18.114976086664235	38.981234273860515	19.51136123542631	1561890.0
SRZ187178	18.466344707011938	0.6919863573178946	19.581798770438944	55.8789283615884	5.380941803642825	1116496.0
SRZ187179	3.967310769760847	1.031228928246009	21.75661543720903	47.82643806098813	25.41840680379598	2971988.0
SRZ187180	17.044502578539948	4.292567334494587	19.131759427686255	38.86407120069761	20.6670994585816	933474.0
SRZ187181	11.277946111857528	1.2013244362994486	19.70108364673454	53.45903110776317	14.36061469734532	1067322.0
SRZ187182	10.015849955981643	1.020707038585521	13.444511764449905	45.5677029112369	29.951228329746034	2389912.0
SRZ187183	16.06624153992143	3.7518924257094635	22.98050710972568	38.26889226393272	18.932466660710705	1656604.0
SRZ187184	9.210829750421679	0.12774121416937423	20.00949003727194	69.9634283423706	0.688510655766405	3312948.0
SRZ187185	9.403037109254482	5.195696708667053	20.15370660611371	45.90696770371833	19.340591872246424	1296496.0
SRZ187186	11.460051755532687	4.129563609190441	20.60216189030752	43.60697897141675	20.2012437735526	1121426.0
SRZ187187	7.192320960241506	1.4032143626484372	20.103098218979774	63.5570994512174	7.744267006912883	1327666.0
SRZ187188	17.274962404220275	5.393318876478355	14.780328639445914	40.83727958957711	21.714110490278347	2178436.0
SRZ187189	19.90439524321166	4.741796039341338	16.901321821295603	42.02611351479144	16.426373381359955	1040534.0
SRZ187190	11.161373853711059	0.9092359616525318	21.183431808520876	61.502108964591564	5.243849411523972	1642038.0
SRZ187191	4.619135787488633	0.9705224418593031	17.38624894539464	39.209906081236376	37.81418674402105	2801996.0
SRZ187192	27.879856261441454	3.0246871727650086	8.338795097219398	26.14941879298785	34.60724267558629	265482.0
SRZ187193	8.628347091873808	0.25633811622745317	20.478457152573025	70.15788201584539	0.47897562348032746	2623098.0
SRZ187194	11.647507346024822	1.7907929822224813	20.82206110449807	53.286635090552416	12.45300347670221	1441596.0
SRZ187195	11.37630444952759	3.00909872401582	19.209780011644735	55.101115653551055	11.303701161260797	5104452.0
SRZ187196	6.890405900797032	0.2599652790291728	25.693382411441466	66.2895141444096	0.8667322643227404	2941162.0
SRZ187197	5.195022983514756	0.7297827421504185	23.79295371853804	62.481096620599814	7.801143935196969	2671480.0
SRZ187198	9.206476649270709	3.330651433024999	19.952442460920683	48.79378874128172	18.71664071550189	3572094.0
SRZ187199	11.336499086353106	0.5511746962205605	22.45913305328331	63.55704036764204	2.0961527965009883	5826102.0
SRZ187200	11.962156256537808	1.1564854473053097	19.97871653873082	45.03745093319034	21.865190824235725	5076242.0
SRZ187201	8.826465612307102	3.702473338493257	22.424176524175156	52.71957642965266	12.327308095371823	2335952.0
SRZ187202	14.994436042209598	1.130812280477009	16.821077648759392	54.309055867107446	12.744618161446553	4184072.0
SRZ187203	13.92496171588215	1.2483613549680797	16.211363187801087	55.127245526610935	13.488068214737748	4245886.0
SRZ187204	11.300978650155187	4.3195468269563655	19.035728631759508	53.61755563034455	11.726190260784392	1657998.0
SRZ187206	8.889681624061367	0.5806363470763252	39.0007994818548	50.096393223632276	1.4324893233752303	790512.0
SRZ187207	4.357433123182394	0.9234242790390174	21.183588835218718	63.45930860549099	10.076245157068879	3527306.0
SRZ187208	3.5344305456574197	0.5269523316398764	20.117714043336957	64.54473458454261	11.276168494823143	4187096.0
SRZ187209	7.658244498690622	1.526605113367696	17.633363729788314	64.49008179531283	8.691704862840535	3489442.0
SRZ187210	11.026483931840946	0.7998992707555576	22.073819458869025	55.653950134212096	10.445847204322375	2493814.0
SRZ187211	8.596636603457869	0.7429735756003635	18.15681706277246	63.9922019799285	8.511370778240801	499614.0
SRZ187212	39.925909979184446	1.4834680861063396	14.971353981106818	38.30303985882417	5.316228094778222	2638412.0
SRZ187213	14.181053987704132	2.5281801547877296	18.89573288077002	49.883519355024404	14.511513621713712	2744662.0
SRZ187214	20.83542308983296	1.5470677962367536	15.810352491702533	48.568144205510215	13.239012416717534	3086484.0
SRZ187215	14.357563969421415	1.8378168919888744	19.547062590292192	55.38962455778767	8.867931990509849	4500666.0
SRZ187216	12.50531350988697	1.572884284131512	18.687849005840167	58.66857526234655	8.565377937794803	2343084.0
SRZ187217	17.75117804349379	2.4025666924987723	20.531550586467173	49.43261301847704	9.882091659063226	2211718.0
SRZ187218	8.664394927988644	0.9104854304862845	17.107589707691023	66.32303761696467	6.9944923168693744	3091318.0
SRZ187219	10.013259268932126	1.1286880929182015	12.661812587982567	66.33810274785434	9.858137302312766	2787484.0
SRZ187220	18.10980056123187	3.443149027207545	11.4987274393583	50.05688927729337	16.891433694908905	704878.0
SRZ187221	17.370311772917635	1.9871568171242437	14.713075849232201	54.257422056770594	11.672033503955328	537250.0
SRZ187222	16.62418641625677	4.27361256024246	17.71923287126745	50.02757489938888	11.355393252844438	805080.0
SRZ187223	17.396012484871648	6.10654606450517	15.865129413763084	43.51515666249089	17.117155374369208	282582.0
SRZ187224	10.220268013935046	2.43073509467119	16.674667512411595	62.395120018856495	8.279209360125677	1620662.0
SRZ187225	8.532378387251713	2.6097265879119877	18.031092493175336	62.59720204040686	8.229600491254097	1644770.0
SRZ187226	10.148999024416975	2.0566503547619117	17.583685355393055	61.6545966399629	8.556068625465164	2043906.0
SRZ187227	11.33016140787631	3.318729373612965	23.663164446045876	45.29247500266147	16.39546976980338	1221130.0
SRZ187228	9.666887533483976	3.2344246419409095	6.224904715789712	70.59540597019996	10.278377138585434	1412616.0
SRZ187229	5.79415512003115	0.6598865776487509	7.742360149075431	82.1980944409274	3.605503712317265	3020216.0
SRZ187230	9.226751703498675	0.47099239847904956	19.436757164480813	64.98144050830065	5.884058225240817	4332554.0
SRZ187231	14.150954085109344	4.604923464391559	11.800905446111065	54.766379041042896	14.676837963345132	1235634.0
SRZ187232	14.083920059306376	2.7120631884347444	14.95789528941947	56.23638814947972	12.009733313359684	3124116.0
SRZ187233	16.277305636207306	3.4467719223915565	15.269037620406484	55.97593116425127	9.030953656743387	1283984.0
SRZ187234	8.324434019895078	1.9602942388928453	12.131608998033604	74.38795986187833	3.195702881300146	3080762.0
SRZ187235	6.9802228242051445	1.8621097012037395	12.436849502006233	75.25339633786179	3.4674216347230993	2454850.0
SRZ187236	20.819681760628647	1.723035152527771	7.339542351420851	17.890195668916185	52.22754506650654	612872.0
SRZ187237	14.92818430719529	3.0329111082006475	18.72883417217056	34.878165908906645	28.43190450352686	320682.0
SRZ187238	6.780507506633719	3.9672027203675797	21.019877270772987	52.87953340310862	15.352879099117096	460526.0
SRZ187239	19.878403477433263	1.1141316893180437	17.322621427835802	39.55820048510762	22.12664292030527	2252696.0
SRZ187240	14.851359485485292	1.153837937417298	21.609768541265854	36.48751726295868	25.89751677287287	3183116.0
SRZ187241	13.797484939051673	3.521431414282995	12.236139848661264	35.43778722099856	35.00715657700551	809046.0
SRZ187242	18.43680048593379	1.4634256082608745	7.748506765953139	35.256633783646976	37.094633356205215	711208.0
SRZ187243	5.246040871987571	1.4374128064763574	13.45206356136854	63.59045173908557	16.274031021081957	2675084.0
SRZ187244	12.686673330103815	1.0633496648863434	12.219047210247794	35.323493521544776	38.707436273217276	3261580.0
SRZ187245	10.6901270536428	0.9839612183201989	14.411328355868624	31.287850461141016	42.62673291102736	3647908.0
SRZ187246	4.1107939888380285	1.5104175255667562	7.322039827835195	56.02656327669108	31.03018538106894	6791632.0
SRZ187247	11.138531748861407	2.487699467054414	12.632577577841369	38.72830936266653	35.01288184357629	645094.0
SRZ187248	7.046102259419135	2.7033826977189186	9.609357194917491	29.723557936398695	50.91759991154576	1772668.0
SRZ187249	4.3516626625053325	2.912522172575611	10.54392976626176	31.843635628803018	50.34824976985428	1781480.0
SRZ187250	7.384553755864013	1.2912894071314118	13.168690515260913	26.33351995212263	51.82194636962104	828784.0
SRZ187251	17.10906832607498	1.1349182384455188	17.990903968696205	42.671780201034125	21.093329265749176	3212390.0
SRZ187252	18.039473745618825	0.47510372475719775	18.149148966952755	43.72867750351194	19.60759605915928	428538.0
SRZ187253	18.422822838068523	4.3346511908312655	9.435901992016703	20.62425830853096	47.18236567055255	630316.0
SRZ187254	25.181023892669327	3.9161341081312373	11.282971469585501	29.074521387458763	30.54534914215517	724490.0
SRZ187255	16.259642442145346	3.965336207982752	20.13411919528483	36.45438127371236	23.186520880874713	1428580.0
SRZ187256	19.227158948685858	2.9019634933276985	16.728703086650523	35.91075695268436	25.23141751865156	984368.0
SRZ187257	16.775750886113933	4.072507293862975	21.6047034364878	35.143827744274084	22.40321063926121	1493036.0
SRZ187258	10.253762437773565	1.41144762039861	21.241799815108898	56.537006471188604	10.555983655530325	1663682.0
SRZ187259	10.014207508679316	1.114202458096633	25.639831969310023	52.38727868017295	10.844479383741076	910786.0
SRZ187260	11.002423695751016	6.367884747950309	19.597285167422008	47.820415511652804	15.21199087722386	2181792.0
SRZ187261	6.673423512691735	0.6076914801456308	10.173913289659195	32.269719892871905	50.27525182463153	2825776.0
SRZ187262	12.338791668000896	3.4874435620737136	15.773699926350508	47.2340412757373	21.166023567837588	1998656.0
SRZ187263	9.543969922663845	2.2955180526786276	20.248306851165236	41.94755946312734	25.964645710364948	1848036.0
SRZ187264	10.646386830581578	1.1524031790250762	18.20968334938835	45.63780145984247	24.353725181162524	1517698.0
SRZ187265	12.022584725319145	2.164586837747265	29.024371161444275	49.656404438706986	7.132052836782329	306756.0
SRZ187266	7.6196742300305855		32.26758659933139	45.68603741375631	14.426701756881712	112472.0
SRZ187267	12.268417848134296	3.5487518483082545	4.696877446290337	20.044359398103854	59.44159345916326	45988.0
SRZ187268	17.27746681101667	2.546856164436152	12.156112992268062	20.814041876857164	47.20552215542195	260478.0
SRZ187269	18.056339479295453	1.8956395921804727	14.227879911842177	36.283126377466	29.537014639215897	1785888.0
SRZ187270	22.919968028912983	0.9949263274951349	12.174902696691687	23.158708646093967	40.75149430080623	1151040.0
SRZ187271	17.23372578265948	0.8266660817398648	19.280786799664398	35.08011669289698	27.57870464303928	1458872.0
SRZ187272	18.357930667087583	0.6461732730895962	19.603220014600556	30.56369985991358	30.828976185308683	2027320.0
SRZ187273	7.982068913391268	2.514743117928747	14.896982632184177	40.95518488058839	33.651020455907414	1111366.0
SRZ187274	6.42109621793459	0.9470190272017525	4.6796631337113395	17.21030100245103	70.74192061870129	598932.0
SRZ187275	2.8831147650081967	0.9273883248802335	8.048613369801485	51.66998323127438	36.470900309035706	2133734.0
SRZ187276	18.77543276654713	1.8657296618548354	12.784619612360874	35.432336249900985	31.14188170933618	2045098.0
SRZ187277	11.83048414770872	1.1166377161444807	12.767313016939374	50.310196807508085	23.975368311699345	2260178.0
SRZ187278	11.363878787189227	0.9350373403382319	14.727566997142764	47.17099471361504	25.80252216171474	2812508.0
SRZ187279	13.634456437013265	0.36911090356242493	16.893955885760835	45.58436268898829	23.518114084675183	2278448.0
SRZ187280	10.575341878217369	0.24232924609870385	14.54394630155467	62.48283176248225	12.15555081164701	2051754.0
SRZ187281	3.425178816186051	0.7002928432531089	22.985432696849305	61.8469622191209	11.042133424590634	1122102.0
SRZ187282	4.534546762760578	0.5116684522844707	17.115294903675473	72.59588965277311	5.242600228506367	4047152.0
SRZ187283	13.214253897550112	2.264587973273942	18.622589882278078	53.22227171492205	12.676296531975819	1571500.0
SRZ187284	11.862637357041226	1.0870417655033056	21.78310293235449	51.18222030292136	14.084997642179625	1963678.0
SRZ187285	9.915189324375456	0.4801170184294798	21.342020505910906	41.20896741387425	27.053705737409906	1733744.0
SRZ187286	33.06030052525711	4.644710541084186	6.74384730340692	41.07346663387751	14.477674996374276	317178.0
SRZ187287	15.29790179606624	4.882646138446103	14.127921793173433	34.30250044195673	31.38902983035749	871126.0
SRZ187288	24.068469029114542	2.7431456717135645	10.309249188512592	26.669825397611152	36.209310713048154	565628.0
SRZ187289	23.718808693319023	5.504437240135488	14.40070527808655	29.327141303755766	27.04890748470317	991382.0
SRZ187290	15.03733084461036	9.908228340332867	19.257790221392646	44.38352257997615	11.413128013687976	154296.0
SRZ187291	14.706929375164451	0.6676280798138905	20.9056215751339	55.700275974473875	8.019544995413884	2972014.0
SRZ187292	11.10706800033233	1.2563324054043536	19.524999921124284	61.57164596792598	6.539953705213054	1901726.0
SRZ187293	2.7265143282837765	0.1814700458985307	9.18924909264977	33.91350389568012	53.989262637487805	1299388.0
SRZ187294	3.9319764105613206	0.83396132493553	13.373109975733021	39.983562751916814	41.877389536853315	2314256.0
SRZ187295	10.733227683861998	2.5917887602654375	15.948583307198504	36.68913799467682	34.03726225399724	1441244.0
SRZ187296	14.0617541796152	1.9987902394748485	14.516119286952915	44.79000719008614	24.6333291038709	2979102.0
SRZ187297	10.724657896435211	1.5195581435533803	14.140801145862175	43.978290242059224	29.636692572090013	1921348.0
SRZ187298	11.177372549699692	1.3687286474862563	18.49915312534323	49.668981842776134	19.28576383469469	2767824.0
SRZ187299	10.616135361820763	11.960159017895412	10.190278831824026	27.610288190443985	39.623138598015814	508622.0
SRZ187300	8.484860743107946	1.5111807146757896	9.951255031249367	29.479581723670638	50.57312178729626	692174.0
SRZ187301	6.485423886769374	0.5737251361505082	7.106037219326091	13.580976788886623	72.2538369688674	686740.0
SRZ187302	11.742097367337998	2.0244480437582144	17.284395204651965	50.769187366408666	18.179872017843156	1205168.0
SRZ187303	3.529663398644044	2.2110137833952614	19.830480653007626	66.8295703818662	7.599271783086864	804156.0
SRZ187304	4.03897106138778	1.1587352839473943	21.019938948848477	66.94959501514829	6.832759690668059	1746732.0
SRZ187305	2.836061628211898	0.580216180099792	40.320713846949666	50.185466576142595	6.077541768596051	2783790.0
SRZ187306	11.178573498350854	1.3573462394102078	19.377685916501655	62.847833986406656	5.238560359330629	4727902.0
SRZ187307	7.837947296421628	1.4167686658506733	13.214144286845706	39.781211750306	37.749928000576	2222240.0
SRZ187308	11.244959140954837	1.473083882259724	17.080973048404072	40.88890597097884	29.312077957402522	1352944.0
SRZ187309	6.379753716209153	2.0826799913584635	11.684309803730264	43.13741204565147	36.71584444305065	1721916.0
SRZ187310	8.921867993928416	1.4689162601789532	17.37771946491507	45.904461288921965	26.327034992055594	1690498.0
SRZ187311	15.155730149581675	2.416631468122603	13.307754568701663	43.015499150033186	26.10438466356087	1922428.0
SRZ187312	10.904403027751089	1.2345353476590633	15.413975579569108	54.04771361284932	18.399372432171422	2427148.0
SRZ187313	10.544040228759618	0.989566880455804	15.884027850239923	56.99593624347662	15.586428797068034	2798396.0
SRZ187314	12.048674672566417	1.2170395909337115	13.244549108774208	44.855182828062055	28.634553799663603	2315126.0
SRZ187315	33.30940795237442	3.3439238328460297	12.496965346900431	29.44246825488975	21.40723461298937	378956.0
SRZ187316	25.61127519378139	2.0084599166332877	16.103772629836833	32.89595887124817	23.380533388500325	454378.0
SRZ187317	16.168949796541106	1.3202604418949342	15.21252065883309	55.843524419602446	11.454744683128423	2204868.0
SRZ187318	17.193331674545906	1.8805761916610386	16.65970568371663	42.22332314363914	22.04306330643728	900256.0
SRZ187319	4.981944368287888	1.1557954269510657	15.246433914821285	68.27202512905272	10.343801160887036	1021288.0
SRZ187320	3.7751004016064256	0.5681987208091626	15.823055183697754	70.59241410084783	9.241231593038822	1680750.0
SRZ187321	26.42503040189037	0.7726648199347701	15.06035584625469	37.955751168399416	19.786197763520747	2254794.0
SRZ187322	17.963949982827266	1.012646036369848	15.440739535990957	44.936133791030564	20.64653065378136	2201164.0
SRZ187323	22.098773867022647	0.7585942303952742	16.169924266711515	42.16415361086439	18.808554025006174	1902730.0
SRZ187324	19.61891653003529	0.7446691271560206	25.79083141599588	42.039507272387866	11.806075654424944	1778508.0
SRZ187325	13.88005870504281	3.55498250138147	11.875293376668905	24.53371677787747	46.15594863902935	336598.0
SRZ187326	22.05882790974756	2.7725072604065826	11.527887407848686	28.737806240226377	34.902971181770795	671450.0
SRZ187327	15.873549688918782	3.9353470273969773	12.277751719133043	31.797249977137227	36.11610158741397	677958.0
SRZ187328	18.337556917930183	2.369393285630687	13.671856359613322	33.74665022440671	31.8745432124191	796322.0
SRZ187329	12.889706270104941	1.2471655328798186	18.71328376311765	49.70429256974108	17.445551864156517	1517040.0
SRZ187330	15.007781371723418	1.710265161772189	19.516513469361033	46.158710226478085	17.60672977066527	1344236.0
SRZ187331	19.657467291473516	1.6051056392272638	17.712882019623716	43.74343518655974	17.281109863115763	1428068.0
SRZ187332	10.020902145145067	1.3881429498827502	16.340259610553595	47.456939644673724	24.793755649744863	1962478.0
SRZ187333	17.193300400455993	5.26633733789327	21.67675114242008	39.251994972377304	16.61161614685335	410532.0
SRZ187334	21.045771756978652	3.3795155993431854	15.927066228790366	34.348659003831415	25.298987411056377	584640.0
SRZ187335	24.33893839849086	1.30992649450335	15.95715702855656	42.83240096272686	15.56157711572237	983872.0
SRZ187336	9.228096406347067	0.6976719699282954	16.196392658966232	50.832552409632214	23.045286555126193	949730.0
SRZ187337	13.301568062302561	1.4575916929919164	8.832638219490546	27.364977715000144	49.04322431021483	838232.0
SRZ187338	11.479452054794521	1.3691158156911583	9.365379825653799	26.514819427148193	51.271232876712325	803000.0
SRZ187339	9.036470654537306	0.6111426388308211	6.1164067486503875	29.357389347533477	54.87859061044801	1525994.0
SRZ187340	6.054599602911979	4.238418266048974	72.25694904037061	10.253474520185307	7.196558570483123	1208800.0
SRZ187341	8.528712691644742	0.6713235961172095	18.32568266352173	43.603011884242036	28.87126916447428	551150.0
SRZ187342	11.554783322776332	0.7295596854431061	18.21896304382115	47.521274651431206	21.97541929652821	798838.0
SRZ187343	9.453102587036131	0.5944445381980188	17.83101574497528	52.917798741077	19.20363838871357	948112.0
SRZ187344	4.157459397452152	0.14882569582805047	17.122803839884078	61.471955563605626	17.09895550323009	662520.0
SRZ187345	9.56026149634017	0.8566833027156668	20.881831446867082	65.5377015295753	3.1635222245017824	4689014.0
SRZ187346	7.619101213715948	1.2267819580387012	22.363964719184267	60.980558811277646	7.809593297783436	3091992.0
SRZ187347	8.197320091108695	0.5770217306547925	14.233339489326193	49.44794424038468	27.54437444852564	1461990.0
SRZ187348	13.640041565056185	1.3832581450822397	15.334757165554853	52.717645095561764	16.924298028744957	1426198.0
SRZ187349	14.645478861484067	1.8483468385875672	13.656736525962291	25.06982643612442	44.77961133784166	608652.0
SRZ187350	9.041066087897905	0.9601170481232992	25.27962964808854	59.8754370127419	4.843750203148355	4614854.0
SRZ187351	11.362699614336844	0.7671629818881258	23.367939859307196	60.77976399468759	3.7224335497802454	1441154.0
SRZ187352	17.07781156711213	1.4033423541556231	19.963870211756827	55.44360126105516	6.111374605920263	1433720.0
SRZ187353	5.607367945500821	0.501126453542551	9.09288805989065	36.271282218733276	48.5273353223327	2682756.0
SRZ187354	28.233828952136196	1.9539540392983183	8.700073992649454	21.79981791109311	39.31232510482292	656822.0
SRZ187355	7.763164248291846	2.0537675945821965	21.73114995533451	53.913300659117795	14.538617542673652	3313520.0
SRZ187356	5.147640655385922	1.5574356796387778	21.75917026175202	54.90712385720992	16.628629546013368	1789480.0
SRZ187357	8.393864923376654	2.620012114147945	16.552403168206567	60.45997497222639	11.973744822042441	24265842.0
SRZ187358	9.41395625450912	4.2601566203502825	19.789173351619944	60.38237100271148	6.154342770809171	8568746.0
SRZ187359	7.518510754431902	5.42784365532026	20.53853242941786	57.22690704278832	9.288206118041657	2022608.0
SRZ187360	6.696428571428571	1.6127086187570059	21.648360630215468	64.83964379125669	5.20285838834226	5138560.0
SRZ187361	7.120847400197621	0.5970369942010382	18.204027259778012	71.27558287851025	2.802505467313077	11551378.0
SRZ187362	12.341989125366451	0.9388976397025726	15.670318682878811	35.72702664695659	35.32176790509558	2972422.0
SRZ187363	11.395089285714286	1.6560782967032968	16.846955128205128	52.5051510989011	17.59672619047619	1397760.0
SRZ187364	9.423626204229102	7.072879270060718	18.61054702130858	44.8489187736164	20.044028730785204	784942.0
SRZ187365	16.729176858545777	3.586635502165208	15.379772064285843	44.79262923302712	19.511786341976048	441528.0
SRZ187366	8.671096230621893	1.0286903934387517	17.942253623413947	71.40446226941293	0.9534974831124727	4048254.0
SRZ187367	12.504880836593141	0.4784994710947983	19.9489553234841	62.120803367954736	4.946861000873226	563428.0
SRZ187368	11.70740111528136	1.315482434427606	16.90652267309869	58.96161504255908	11.10897873463326	917078.0
SRZ187369	31.724464553388326	1.6681840336211733	11.217939875483948	33.42713419961192	21.96227733789463	434964.0
SRZ187370	18.09739113144626	3.1599923058801664	16.19525774220808	35.48653420965612	27.060824610809373	925382.0
SRZ187371	7.459573533100476	0.8607374731262595	14.69430532717422	53.26253854036295	23.722845126236095	3085726.0
SRZ187372	22.05944519937803	2.919081058627911	13.778851703134247	40.79410571820324	20.448516320656577	1632226.0
SRZ187373	10.262423670115558	0.5892018603215368	18.65852338317843	55.10789886350604	15.38195222287844	1865914.0
SRZ187374	29.65602395870744	1.6372179167915752	11.137741790907445	40.54889541216872	17.02012092142482	1347652.0
SRZ187375	10.327002585423577	1.2737083661368598	15.078656601772908	43.68918705276084	29.63144539390581	1252406.0
SRZ187376	5.543412240192533	2.7323132948428395	14.650360057156632	33.542889696049	43.531024711758995	1485042.0
SRZ187377	31.72932811814593	11.52992030998684	9.454050299751426	29.336343032607108	17.9503582395087	437696.0
SRZ187378	14.176359097247154	2.0945669508295275	17.283057937495304	47.922215635358654	18.52380037906936	1197670.0
SRZ187379	3.893069451367024	2.16754397695085	2.8847907219878675	14.56254026914988	76.49205558054437	822590.0
SRZ187380	20.88178644415599	2.0873810047572907	18.11145796774849	45.19325549489763	13.726119088440607	2382028.0
SRZ187381	24.699698963532423	1.163452015571528	21.35495827654171	43.08037771741795	9.70151302693639	2039620.0
SRZ187382	8.01550999188245	4.328865640875966	9.593073632557758	24.897732558669816	53.16481817601401	1754224.0
SRZ187383	15.618348657617263	0.9110230569646264	15.882102176886605	47.347897025719035	20.24062908281247	1304248.0
SRZ187384	11.35771231246557	0.6136081254784498	20.274704702580113	59.42459631358165	8.329378545894215	1677292.0
SRZ187385	11.007278738864546	0.7250214244699071	21.517112911607164	61.88924758253847	4.861339342519915	1612642.0
SRZ187386	11.022116944308555	2.6110867942017046	16.43894024047993	52.05087669610443	17.876979324905378	1941950.0
SRZ187387	1.6854574356650927	0.40563277745185167	6.906599906675418	17.88540438393191	73.11690549627573	2065908.0
SRZ187388	7.907471040419427	0.7743809557547203	6.565116251608866	19.921829796781086	64.8312019554359	846870.0
SRZ187389	9.814645446413074	0.32895176041764024	21.24918221023539	62.07892171916098	6.528298863772915	1198352.0
SRZ187390	13.663907205963657	4.326104547068882	14.073981861519254	53.81406043475236	14.121945950695846	1092484.0
SRZ187391	2.335364133998865	0.9551445628795009	2.0309139282571245	7.328551381069041	87.35002599379547	1177204.0
SRZ187392	16.007749765583224	2.382795399220479	18.88361566858391	58.8871603228968	3.838678843715585	1320298.0
SRZ187393	30.18561978041904	0.9039470770346613	13.147956309720032	41.24388587259429	14.518590960231977	1345654.0
SRZ187394	35.88102784921157	31.443494208879056	5.388433706118055	19.895141837609394	7.3919023981819265	100326.0
SRZ187395	30.465778385149754	3.3858818553044725	11.76013145264939	30.486277189386175	23.90193111751021	614670.0
SRZ187396	10.002218102565877	5.037127781022403	5.403826939160906	10.447670076575413	69.1091571006754	982822.0
SRZ187397	4.1602294007490634	0.950374531835206	19.527738764044944	64.27683169475655	11.084825608614231	1367040.0
SRZ187398	7.816307828074264	0.5337889056082908	19.229298426239154	66.0398022333601	6.3808026067181824	883870.0
SRZ187399	26.065173175999934	2.5321894724456433	10.324269013220375	22.213152299067936	38.865216039266116	1903728.0
SRZ187400	12.508192853210288	1.8081080844890718	10.666002499366419	47.949383460486416	27.068313102447807	228858.0
SRZ187401	5.293952316047473	0.5910376251308352	13.021162310194518	66.95417670282201	14.139671045805164	1985322.0
SRZ187402	6.632479039461555	1.359620678821769	15.766506925427116	67.71882988463746	8.522563471652099	3864166.0
SRZ187403	12.797568155169044	6.071367500488567	5.135035482216142	40.827106642075435	35.16892222005081	5239808.0
SRZ187404	7.2198199054384755	4.8607524656398535	8.898343235074547	51.57804702066173	27.443037373185394	6397528.0
SRZ187405	4.353313190234646	0.5446436448864617	18.451457732098493	62.21167899078217	14.438906441998233	3128284.0
SRZ187406	44.411252641785225	1.5060669620234646	8.732155896251824	30.77764580858911	14.572878691350374	3007436.0
SRZ187407	42.49059848131838	5.071897826985804	9.243350025267606	23.481154303040643	19.712999363387567	609476.0
SRZ187408	26.2713572194715	0.9924267868557622	16.23852912815957	36.9434121713128	19.55427469420037	922990.0
SRZ187409	3.7006132971636054	1.75884480337499	8.480991139933032	19.27821759539147	66.7813331641369	3341284.0
SRZ187410	4.863128211845015	1.113824833902188	15.978134414028492	59.708664309066485	18.336248231157818	1557516.0
SRZ187411	13.380801378860266	1.559082656314059	13.52889498740786	48.0002342723751	23.530986705042714	1195190.0
SRZ187412	1.7606958142652442	0.8840784540124478	6.345721399089625	28.83321336465362	62.176290967979064	3270298.0
SRZ187413	16.997897012811254	8.627771267592296	7.449624973860619	17.443746079092836	49.48096066664299	506898.0
SRZ187414	16.60239053071329	0.7181262571561194	17.83846510908247	47.65182577750271	17.189192325545413	1034080.0
SRZ187415	6.3130716998247145	0.6554159177216955	16.598045648621973	59.578533734588156	16.854932999243466	1075958.0
SRZ187416	6.5744318286570635	0.2241343436498342	24.670843835515416	50.90061972750953	17.629970264668156	759366.0
SRZ187417	6.320780479446554	3.082347649619559	10.109928945099782	39.619130742087314	40.86781218374679	747028.0
SRZ187418	6.538067168740119	0.24598568535046647	26.08744698511795	62.85127883933818	4.277221321453285	1187874.0
SRZ187419	5.454195230851295	0.7225833218088784	18.93435011952506	52.12403935436711	22.764831973447656	809872.0
SRZ187420	46.12459713273325	3.5684627359460404	8.944387628403511	24.819026816874633	16.543525686042567	749006.0
SRZ187421	6.534281769168183	0.4218896469923623	18.52364506353102	55.93385706617332	18.586326454135115	1777242.0
SRZ187422	10.927351393773112	1.148995082376691	14.974600290439986	41.37595746307055	31.573095770339663	2538218.0
SRZ187423	4.3853259284051065	0.8016437365654425	19.645372426963437	45.2263806832317	29.941277224834312	1117454.0
SRZ187424	8.066722458375512	0.8935366174577473	4.611587764072194	10.754088955375325	75.67406420471922	1687228.0
SRZ187425	3.4488709504162065	0.7920868794981923	4.151148068121585	12.070784180098508	79.53710992186551	1135734.0
SRZ187426	18.690845903578822	4.90855762594893	17.4825002464754	39.916075125702456	19.00202109829439	324576.0
SRZ187427	8.645948916502062	2.3228118220760243	19.04181061279737	56.56145155409358	13.427977094530965	762438.0
SRZ187428	8.194556473199945	0.6894229785452045	16.18900777816641	60.43366430395047	14.49334846613797	1681116.0
SRZ187429	6.964919564696182	1.2313336101251215	15.742045647254207	40.466667056514254	35.59503412141024	2052084.0
SRZ187430	25.244811512512822	4.049579465532603	18.73258304844835	41.865980836350694	10.10704513715553	3798024.0
SRZ187431	1.0065915945593598	0.1475524892209698	4.0950446067058275	92.28919913720988	2.4616121723039655	21380866.0
