	Eukaryote	EukaryoteVirus	Plasmid	Prokaryote	ProkaryoteVirus	TotalCnt
SRZ187075	10.68211090626777	4.884860528971883	11.566285205211516	28.760810517781458	44.10593284176737	9186424
SRZ187076	19.724197104723057	10.752068718407557	18.358251784059956	33.20378550936597	17.961696883443455	9151318
SRZ187077	15.469889404036735	2.745811231274594	29.407498218684186	47.173217717074166	5.20358342893032	16906042
SRZ187078	9.62643982670037	4.2711346095789535	14.7515329029572	27.58519450523935	43.76569815552413	33972144
SRZ187079	19.414900718246304	4.250227908744957	23.716876944535212	44.46960517432317	8.148389254150356	1572998
SRZ187080	19.65445350210856	7.362006148369508	19.356521856979256	38.58926316692981	15.03775532561286	885438
SRZ187081	17.460555701478267	12.953906489947315	23.016319718049527	30.163753076537155	16.405465013987733	1439118
SRZ187082	13.165178921305975	3.934301420782158	30.535732279409295	41.38402703692626	10.980760341576312	6252190
SRZ187083	18.417030373030983	4.620094421672211	21.82966259011762	42.65834847263139	12.4748641425478	4038056
SRZ187084	20.86044738025867	8.303657925910299	23.750632004335824	33.34576123633992	13.739501453155293	3299028
SRZ187085	15.702949257820709	3.940828033905957	25.4748079362979	47.58073680851229	7.30067796346314	5138920
SRZ187086	15.626342884716049	5.284274048486761	21.252349119991763	40.019961331521145	17.81707261528428	3029858
SRZ187087	20.30798684504377	9.194106031022939	24.676570259383194	30.22234433626129	15.598992528288809	4316548
SRZ187088	17.841452329934445	4.3500772637060185	25.1552139772623	40.382091967588764	12.271164461508475	2985878
SRZ187089	17.04355760748922	4.927108684564557	20.579156589453383	37.663845679738884	19.786331438753958	3160596
SRZ187090	15.43443686285482	3.74274076454318	28.158456761623015	38.10454635955579	14.5598192514232	4188802
SRZ187091	17.006533963463475	3.7528614043481148	25.01880496640857	43.90420919525586	10.317590470523978	2951348
SRZ187092	13.091749958164089	4.672462842103662	15.334763360868969	26.25979340666028	40.641230432203	2629320
SRZ187093	28.5659151841618	34.6626540155935	11.151365355164783	15.266358190693989	10.35370725438593	2435630
SRZ187094	13.675386544006233	3.75043383775168	29.808503171661695	43.089803328494945	9.675873118085446	4143254
SRZ187095	5.591170594323954	3.391907180511759	12.432611992393424	21.31569698866235	57.268613244108515	4154300
SRZ187096	19.244308031952542	11.400367386834743	23.843911153055377	27.307753884525937	18.2036595436314	1898816
SRZ187097	15.868715008681736	4.669385417446472	26.54074455783475	41.61222260420081	11.308932411836233	2751754
SRZ187098	6.261477176255469	2.946646640109711	10.635799647358454	22.388950564879515	57.76712597139685	1531300
SRZ187099	18.74966502547255	10.53674145470927	25.763850562974486	27.28807519653046	17.661667760313232	2761404
SRZ187100	15.064635619696213	4.915669617406799	27.77251597197235	37.41968696837509	14.827491822549552	4413356
SRZ187101	13.703231982743064	3.9271582840329446	21.224993015149288	35.78406952382478	25.360547194249918	5740996
SRZ187102	15.141025585638518	8.455450862815068	28.11568907840147	30.08911843528275	18.198716037862194	5555304
SRZ187103	16.171105411342037	5.177698312267052	25.599110360743534	38.573628288281576	14.478457627365804	3703074
SRZ187104	17.890177780244557	4.4678554408716575	19.666975439187443	36.258968916686925	21.716022423009424	4179992
SRZ187105	19.590806805303565	11.621421828446342	23.461666450765648	25.887876782831757	19.43822813265269	2578342
SRZ187106	16.536695566669888	4.869457040135482	25.988468970062	35.34515580640998	17.260222616722654	3083506
SRZ187107	15.911848057787642	4.367652747409514	22.83731176630353	40.16581300221944	16.71737442627988	3645070
SRZ187108	18.471375505244296	9.039660783196434	27.01576298998842	28.995093171854744	16.478107549716107	6012438
SRZ187109	18.815052964609137	4.753365526251745	25.26584775396754	38.56963533194144	12.596098423230137	1561420
SRZ187110	18.47429721750335	4.919311612737643	28.088602710738723	36.04186053820193	12.475927920818355	5727590
SRZ187111	19.389237954190037	9.532806057030808	26.366674970075188	29.13883989351914	15.57244112518483	6760276
SRZ187112	17.525746478873238	3.6329014084507043	27.940732394366197	42.98219718309859	7.918422535211268	1775000
SRZ187113	17.89983155863573	4.045101686352372	26.5596221986787	42.90790009385731	8.587544462475893	3507452
SRZ187114	20.419913559479536	6.803413875871817	24.594331995066682	33.5762695042724	14.606071065309562	3163794
SRZ187115	20.85657270222946	12.350943706849497	23.388761509131783	33.83127319108535	9.572448890703907	2502578
SRZ187116	12.00724111641395	4.231197543048705	24.62569732689956	38.14343954948856	20.992424464149227	4168418
SRZ187117	20.44304648052272	7.195297550861071	26.065378634190672	29.148273059471773	17.148004274953763	3125180
SRZ187118	18.789974787940615	4.37830994701012	27.375979252672156	40.38392696645613	9.071809045920977	2603516
SRZ187119	17.18086925838311	4.165469465057916	25.844864275143934	37.155448977607826	15.65334802380721	2777310
SRZ187120	25.991752043704043	7.328078496238909	16.648662942146156	35.13792540831884	14.893581109592047	710964
SRZ187121	14.83641864065279	7.214124070124023	22.426924599540307	38.601419261062496	16.921113428620387	1692430
SRZ187122	13.27252579523511	3.9746040124247286	19.499176827953665	24.125824535774086	39.127868828612414	3849742
SRZ187123	15.943598423836637	7.347554126845509	29.737759026717075	35.697464578316215	11.273623844284565	5858276
SRZ187124	17.529174987240896	2.916305618742652	32.84348345447805	41.406881333029894	5.304154606508514	5615598
SRZ187125	11.877495257439325	4.6399798097760545	22.826314716047037	35.08992006794644	25.566290148791147	4295148
SRZ187126	17.453728146606807	17.761766238427004	19.636910739118882	33.70774109616931	11.439853779677998	1738746
SRZ187127	19.311725181807354	2.629627779933385	25.5776921510701	43.77206563120671	8.70888925598245	1041212
SRZ187128	6.3569209081842075	3.742562900071636	16.20049707353141	20.976364821567188	52.72365429664556	868282
SRZ187129	8.804874114668802	4.505156242303305	17.616992177501842	24.76725194548301	44.30572552004304	2070694
SRZ187130	15.953279787516482	9.04867400108747	26.132435274170582	29.710445757562823	19.15516517966264	3608374
SRZ187131	13.807543684479963	4.830655390837921	24.152742301333024	31.744812864817035	25.46424575853206	2992596
SRZ187132	19.40787558022027	11.617251597211517	18.70424609903568	30.980422383227996	19.29020434030454	1167660
SRZ187133	17.175095353574342	7.5325347349981815	21.540417509217246	39.38471098085082	14.367241421359413	1886138
SRZ187134	14.497269264857355	5.796763839317795	24.608175437756007	27.726423455577645	27.3713680024912	3339760
SRZ187135	18.30674169080409	9.386419472189344	27.357699986961958	25.17922196117731	19.7699168888673	3911630
SRZ187136	17.310455728276978	5.155128501364217	22.462193898760546	30.673314497002686	24.398907374595574	3834434
SRZ187137	9.476423073167771	4.623816799533449	15.88349593131214	22.726333131900077	47.28993106408656	2273706
SRZ187138	19.47625015873717	9.144696522137624	27.73869929382664	27.76652660987097	15.873827415427597	3622340
SRZ187139	14.626714339078926	4.632431979142049	25.987665144503822	38.31192394776364	16.44126458951156	2623460
SRZ187140	14.070146549042923	3.500622912667888	32.553830486254995	38.58133337791417	11.294066674120025	11484756
SRZ187141	19.97222758665085	9.306885167508115	22.423740815331843	28.848916232147946	19.448230198361244	1087410
SRZ187142	18.034962633977376	4.438776187672975	26.660478515248336	40.3857814996614	10.480001163439912	3163034
SRZ187143	15.476896004849051	5.361247107190827	31.701301040181587	32.972748686384975	14.487807161393562	2520906
SRZ187144	22.264111919453978	9.917048359340644	22.664211517647555	23.06149987650627	22.093128327051552	1992004
SRZ187145	12.894495080009154	2.415980621431402	27.844591917038294	53.180775477627016	3.664156903894132	8958350
SRZ187146	30.486671697154662	5.993347055109992	22.782227186301135	30.22794087433368	10.509813187100534	4283216
SRZ187147	18.033797046638046	9.427154972395975	27.51038415507005	32.28554363616131	12.743120189734618	2642006
SRZ187148	17.959268105847332	4.202476493992999	27.08098865829102	42.94309106012172	7.814175681746927	3093890
SRZ187149	24.10188099101881	6.976683069766831	24.85135374851354	30.284579552845795	13.785502637855027	1217656
SRZ187150	20.682207658917356	14.951555040818056	23.78416805551632	22.789845861228027	17.79222338352024	3398496
SRZ187151	18.290268006418337	4.926722387022406	28.267086864213997	36.347591458379185	12.168331283966074	5824562
SRZ187152	18.80891373111891	5.204820328634622	28.352491511869154	34.87120524343077	12.762569184946544	6324714
SRZ187153	20.63042057230454	9.917978977340002	24.03583086308087	23.879698763484214	21.53607082379037	5709268
SRZ187154	16.639680261068488	6.541954490425448	24.020149849513306	39.65877189365857	13.139443505334189	3201612
SRZ187155	16.684099383496278	4.371070044806653	25.196252584965837	41.06073077162076	12.687847215110468	5761198
SRZ187156	19.819531901506565	5.685693883359883	24.732350508543888	38.73322780227408	11.029195904315586	7609766
SRZ187157	15.222819858372548	4.208510557103438	30.02237312659065	41.80405103395024	8.742245423983132	4926446
SRZ187158	16.66341863408654	4.021176722867745	33.33823347937117	32.84185767683177	13.13531348684277	2965898
SRZ187159	17.47203118606828	8.86062114307814	28.841508186062676	25.339100850274363	19.48673863451654	2854608
SRZ187160	19.644851771052537	8.591597463739136	29.375780860000937	35.84854142936337	6.539228475844018	1450324
SRZ187161	17.58756260910585	6.076388367250668	23.24713282595044	44.46775124016357	8.621164957529468	5325104
SRZ187162	15.25940425415731	8.496763255321373	31.13901173881106	33.473332363718846	11.631488387991412	3809074
SRZ187163	15.933420236147859	10.249655236209213	30.397924904263743	35.56631405267594	7.852685570703243	2118842
SRZ187164	22.46337382642383	6.881923343679077	25.061154008924646	32.63114061991586	12.962408201056583	2944206
SRZ187165	16.121438775565277	9.616608550633602	28.67641167158705	29.149864635795353	16.43567636641872	4817374
SRZ187166	17.08237579935906	1.6903504816759511	26.37893982808023	52.574675529310234	2.273658361574525	6600288
SRZ187167	10.476327083404792	2.7564336429714027	18.967977041672775	27.638404267371797	40.160857964579236	9620910
SRZ187168	15.271165743491544	8.549491493965668	29.14557004718148	31.756883545025175	15.276889170336133	4892174
SRZ187169	14.292241668650682	2.4170450797336964	26.653752768723372	54.44228333956881	2.1946771433234384	7585626
SRZ187170	15.340586546784143	5.469353712445774	26.552420821568774	30.633112391584163	22.004526527617145	3491418
SRZ187171	16.694263167005698	13.638613049015374	25.931422106759523	28.81782512978292	14.917876547436485	3107882
SRZ187172	16.3997801935648	8.230192771898423	24.789346420595614	40.13180801824642	10.448872595694745	5801468
SRZ187173	15.548665377959292	3.862876533019851	28.673262656904885	39.29303919361697	12.622156238499	6716808
SRZ187174	21.174478599300617	8.719647230634665	26.078333877708562	29.651022898234768	14.376517394121388	5627246
SRZ187175	18.8303719838941	3.018281157176547	28.810299615354612	45.48589233529557	3.855154908279177	2666352
SRZ187176	8.678282621887035	3.6640678487838274	16.60848074415708	22.870198865294903	48.178969919877154	5652570
SRZ187177	16.99468262452919	8.539152188362433	26.88157008847235	30.37663667397304	17.207958424662987	3719128
SRZ187178	22.3485224327405	4.2405087287508705	25.160631441895585	41.6265541823063	6.623783214306746	2479278
SRZ187179	10.203165512938668	4.411876594880372	23.99044113803915	35.319227484109916	26.075289270031895	6045908
SRZ187180	20.321895291391545	13.339553944399682	25.644113599490975	26.060622313019035	14.633814851698762	3281564
SRZ187181	17.67084922455591	4.519017735139552	26.436596251752643	38.28221384204274	13.091322946509164	2802910
SRZ187182	13.904261633910929	3.9954139257283647	20.61281824021597	35.098470495442385	26.38903570470235	4919240
SRZ187183	19.310177689832305	12.150316803581779	24.467230317203335	28.68126761407927	15.391007575303313	4002480
SRZ187184	15.468553358114166	2.484859943527735	23.353719606738128	56.280750958480915	2.4121161331390577	5479504
SRZ187185	14.774490681415097	10.594225262002464	22.6492353446509	30.35640308914656	21.62564562278498	3210466
SRZ187186	14.52450047092515	9.597937819897544	30.134376636717775	30.335671849465797	15.407513222993735	3558952
SRZ187187	15.026541265333238	4.494619264256713	25.764188011239227	44.43459100231566	10.280060456855159	3173172
SRZ187188	19.706600948446262	7.945061377537603	21.134021055846347	29.93293857156188	21.281378046607905	4715080
SRZ187189	21.058422632817855	10.476965629970854	25.014842908331953	28.670082167908923	14.779686660970413	2961010
SRZ187190	17.141032354029996	3.835836343282006	26.033526881648708	45.815420942572516	7.1741834784667775	3598068
SRZ187191	9.292483360009795	3.8854340683208988	21.37477077192645	31.854648264280655	33.5926635354622	5487984
SRZ187192	24.098281330573666	12.759866631817635	21.271448047865615	23.67550136688259	18.194902622860493	1132504
SRZ187193	14.48421142588557	2.1522027090543947	26.83331196855104	53.8373285476221	2.692945348886895	4680600
SRZ187194	16.97585123440223	6.17933354410052	25.66163821414407	39.45643435974439	11.726742647608788	3182026
SRZ187195	18.020029567014706	7.741012106410357	26.509748309628744	36.77073823305419	10.958471783892001	12946860
SRZ187196	13.179411606719556	2.3141974342745977	29.532583031087174	52.026158597297574	2.9476493306210974	5138196
SRZ187197	11.255520514715307	4.254534694387787	27.84020691150245	47.083206083919734	9.56653179547472	5055688
SRZ187198	13.893259312125883	8.842128707811282	28.13319175393751	33.72774264329446	15.403677582830865	8961756
SRZ187199	15.70927361189213	2.298549252168968	26.175172752273557	52.27962369841541	3.5373806852499303	8834616
SRZ187200	15.396547063732564	3.894159845961742	28.542626307827753	35.39909375362634	16.7675730288516	11512984
SRZ187201	16.57285921974312	11.781981040262409	24.416249143928198	34.451633445073234	12.777277150993044	6658320
SRZ187202	19.017004955773906	5.093774785371545	22.88953303370573	41.20074785529855	11.798939369850268	8843422
SRZ187203	18.45925464917321	4.830149416831697	22.536018951093205	41.982431022724846	12.192145960177045	8792316
SRZ187204	19.1922964235491	10.98566138532954	22.832724461273827	35.84804829718114	11.141269432666396	4498482
SRZ187206	13.478939117072969	4.093686407242826	37.60901615515594	39.937159973420826	4.881198347107438	1541056
SRZ187207	9.9340812497744	3.5917172137223883	28.086572317466036	48.92103800627476	9.46659121276241	6704314
SRZ187208	7.081860820804655	2.7998726005346444	27.525143206384634	51.63557532882141	10.957548043454658	7202542
SRZ187209	12.06290703634009	4.496115772548272	23.188040588136673	49.77021749693287	10.48271910604209	5857278
SRZ187210	12.546310716045735	4.21256461252633	28.776322494687857	43.184590547366845	11.28021162937323	4764556
SRZ187211	12.983644675551982	5.373292663381525	28.198497518335824	41.69959016289181	11.744974979838863	1572332
SRZ187212	33.79881913067451	4.778614426943548	19.777867977111416	34.67199849660711	6.972699968663416	4193182
SRZ187213	18.343310155275677	6.524167213757705	23.746063463593966	38.96095591466775	12.425503252704903	5160628
SRZ187214	21.699631515473776	5.082750536628883	21.562780104524972	39.712227838773515	11.942610004598853	5205646
SRZ187215	17.720676893765983	4.159701311360423	23.525571065687448	44.807416978524884	9.78663375066126	7134118
SRZ187216	16.294624553321682	5.246796034061442	24.59186220896436	44.03856421507618	9.828152988576333	4390184
SRZ187217	18.97355751874358	5.932637237479241	24.9066605799039	38.904662196312074	11.282482467561204	4293470
SRZ187218	11.689385796098657	3.22718532045164	25.303094374789563	51.895476625079645	7.8848578835804926	5245066
SRZ187219	12.968125848812393	4.080753975109223	23.15968360868045	49.816028159784224	9.975408407613712	5267654
SRZ187220	16.818263024885045	9.080084158527468	25.615708435452735	35.62184860831421	12.864095772820543	2306124
SRZ187221	16.04548563644485	7.6403674893661355	28.659192491995057	35.00902515756642	12.645929224627537	2073094
SRZ187222	16.433922023280275	8.439753714906699	27.190807022437628	35.595910551671636	12.33960668770376	2753232
SRZ187223	18.196530384179525	9.985211022796236	23.60756771407192	33.163643076971425	15.047047801980899	1018326
SRZ187224	14.228108718546453	6.995379981694039	24.600660417167944	44.09983398887375	10.076016893717815	3308212
SRZ187225	12.705108116195884	6.1783382425808195	25.746763279194482	44.82785941572946	10.541930946299354	3281562
SRZ187226	12.851635614020422	5.203518771503617	26.340376516360145	45.57928424146826	10.025184856647556	3995258
SRZ187227	12.639116051787543	7.250860606874779	29.990562710953636	36.63105573374083	13.488404896643214	2977550
SRZ187228	12.912961793415471	7.053167146663426	18.556088724525267	49.583484349645985	11.894297985749848	2764602
SRZ187229	8.564491397670592	3.1036218474430037	18.1890073254043	63.696411594807486	6.446467834674615	4640836
SRZ187230	16.26225904529732	3.1142259319099064	25.58501287479364	47.43451432337599	7.603987824623138	8181102
SRZ187231	23.024566368227173	11.941355303312806	20.376772601651233	33.66040861466686	10.996897112141921	3443244
SRZ187232	17.361705116005993	5.350757430052233	24.007881777138923	41.8854959610479	11.39415971575495	6322432
SRZ187233	17.680839805007256	7.133198726457346	24.538163414324103	39.47692516902229	11.170872885189006	3382690
SRZ187234	12.67758779965143	5.083219519908958	21.656808092658206	54.43483778799414	6.147546799787263	5919044
SRZ187235	12.335838488041748	5.471056396203985	22.365054099252482	53.32179484596321	6.506256170538575	4963100
SRZ187236	12.762219624713833	6.22886162273573	13.256918171569271	14.70496185581984	53.04703872516133	2313328
SRZ187237	15.254263656340548	9.834769137026882	25.38189785374897	23.183400423934817	26.345668928948783	1542690
SRZ187238	9.377375473315837	7.415093690742873	29.790229029721804	33.7376801505598	19.67962165565969	1686506
SRZ187239	18.02996773172935	5.912138599109091	24.340652256468726	30.376662643217127	21.3405787694757	4545022
SRZ187240	16.076872482932146	5.137600194811513	27.32021734533195	29.089978567238227	22.375331409686165	6866124
SRZ187241	14.398602240354839	9.597779342192133	22.542011212716986	23.373298851371313	30.088308353364727	2741530
SRZ187242	14.828536488416633	7.90685378577664	22.686512094972013	26.805211897367236	27.77288573346748	2103188
SRZ187243	8.901738640823082	3.5317783958095172	25.184698595778805	45.28748144482929	17.094302922759304	5860900
SRZ187244	12.509617062169838	4.019073959140714	19.613980419804427	28.789909020446803	35.067419538438216	5594224
SRZ187245	10.348949687430279	4.58315584390671	18.95237572170639	24.90813690367166	41.20738184328496	7610782
SRZ187246	7.043518886495675	4.553158525103947	14.793826488140505	43.53022564359205	30.079270456667828	11006118
SRZ187247	11.168849177585225	7.832187226210661	20.217527740234527	25.086824705489338	35.69461115048025	2221142
SRZ187248	9.437464877990552	7.526629274574104	15.619136830391579	20.09540099469893	47.321368022344835	5043134
SRZ187249	8.681679865603078	5.35721066429828	14.831586154686764	22.57443812421483	48.55508519119705	5003686
SRZ187250	8.286506697675845	4.567085227276878	14.370621530002039	19.363036016761903	53.41275052828334	2738114
SRZ187251	18.68759095559906	4.717239833814453	23.958961316210114	32.72618977094133	19.91001812343504	7461058
SRZ187252	19.302873605182977	4.248076629471546	24.646624227498723	30.183674417678414	21.61875112016834	1506470
SRZ187253	16.826337298288987	9.581489446130764	21.543571934975414	20.42196335612379	31.626637964481045	2716634
SRZ187254	17.534839281666663	10.174476155499255	22.822778018471922	22.859886360484587	26.608020183877574	2091174
SRZ187255	14.005975591972817	9.270088154668798	28.684887186572542	28.431585451699572	19.60746361508627	3812844
SRZ187256	14.489668710286635	10.279873599469093	28.606089925480745	27.355977510877082	19.268390253886444	3224670
SRZ187257	15.195521418217565	9.894819021595543	30.033965434755185	27.123172900010236	17.752521225421475	4201330
SRZ187258	16.435237403524052	4.499798539837606	27.617775958044128	38.6554457485386	12.791742350055614	4601406
SRZ187259	14.10414365101375	4.585703093152208	30.171531967321183	37.17700419926744	13.96161708924542	2639508
SRZ187260	17.993924042110933	12.369214826106662	23.25418398346724	31.834130196693206	14.548546951621958	6654424
SRZ187261	9.713424714147955	3.697788951646232	16.020973963355836	24.56347293015567	46.00433944069431	5807200
SRZ187262	12.776602390338216	8.397697797929187	26.5083856166972	32.74872557285269	19.568588622182705	4651894
SRZ187263	10.344404316982843	7.691706827605016	28.415643728845485	31.657755156423452	21.890489970143204	4480722
SRZ187264	10.525066316486912	6.065237722779145	27.20769917071502	36.80893915148384	19.39305763853508	3344568
SRZ187265	15.655556394591777	3.5802494147722355	33.663811283154466	31.424198500417166	15.676184407064358	1085902
SRZ187266	9.533543915166705	5.054541464794914	43.08111635320002	29.167893777441567	13.1629044893968	1039026
SRZ187267	20.8123570828174	11.61278368778301	20.10873003678564	17.722634466427454	29.743494726186494	442564
SRZ187268	16.98455886175762	8.94840822834168	20.497721089024836	21.268738193854738	32.30057362702112	1154060
SRZ187269	16.273025397711415	7.726983324030142	22.850265140943343	27.372444529723694	25.777281607591405	4586240
SRZ187270	15.286571589315853	6.977926664821083	29.082350262102715	24.14386849319962	24.50928299056073	3583328
SRZ187271	13.04835677192097	6.842808825973725	31.641881421637017	27.848451132110387	20.6185018483579	4247554
SRZ187272	12.73256278800383	4.946830812192739	32.96622250130169	28.50582199193833	20.848561906563415	5127970
SRZ187273	11.642874502115037	5.809937248508257	21.254950524496422	30.16190077480559	31.130336950074692	3530434
SRZ187274	8.166836757015446	3.867881317115375	13.410976675747081	14.940539806945221	59.613765443176874	2239986
SRZ187275	7.906054435548353	3.1081354811884987	16.40797876309982	33.033187987078755	39.54464333308457	4689950
SRZ187276	14.18100468944731	7.482679501475526	24.28442831230328	25.606617107797298	28.445270388976585	6067666
SRZ187277	11.686146885480126	6.57550947795938	25.787311729803744	35.45152644077202	20.49950546598473	5744802
SRZ187278	10.54249991177545	5.978159098589901	25.23269821195066	36.6462844111512	21.600358366532788	6290766
SRZ187279	10.872425045890271	3.6903851383506696	27.459888503637227	38.05782174179074	19.919479570331088	4706880
SRZ187280	8.93761360121499	3.232312964179343	31.586611477762833	43.49114996576759	12.752311991075246	4603824
SRZ187281	7.346215179138407	3.4315213253886663	38.61991636886409	38.13160126488994	12.470745861718896	4355794
SRZ187282	6.562834526580438	3.370235604922267	31.07674592184477	50.80838808520668	8.181795861445842	8145840
SRZ187283	17.943039735933493	5.179350889504587	28.028025263411614	35.494984518983756	13.35459959216655	4779402
SRZ187284	16.83740222544471	4.0043178111518145	28.36859786857798	35.867268894040045	14.922413200785451	5530580
SRZ187285	13.02224018042056	3.859034867483626	25.77761421577309	28.95050449582902	28.3906062404937	4494388
SRZ187286	21.606193030768306	7.407269268783917	20.380350885917526	27.68277293947249	22.923413875057758	965214
SRZ187287	13.980028980525654	7.9967645245569745	18.58411684292019	24.83471797596729	34.60437167602989	2536876
SRZ187288	19.29241026955618	9.410925648382802	23.256374690830825	24.4147517953703	23.625537595859893	1575998
SRZ187289	17.211080418484745	11.331504064505426	26.383669825754243	24.652601309805636	20.42114438144995	3038008
SRZ187290	15.573001248582084	13.017692326524617	28.732689184667738	26.87654542635406	15.800071813871503	980312
SRZ187291	17.51790835836093	3.4898297690005453	26.147991279408103	41.879842831682566	10.96442776154786	6151876
SRZ187292	14.907537042613363	3.89067733734001	25.472766086464325	44.612924221869704	11.116095311712595	3865548
SRZ187293	9.530070282816856	2.888974625018885	17.339403950770812	30.485124989543106	39.75642615185034	3203628
SRZ187294	8.756202863769428	3.5246842757481756	19.376240729378676	29.351360359393333	38.991511771710385	4788514
SRZ187295	12.460125828118693	6.8285561670521755	20.7481044813276	24.44376768929204	35.51944583420949	4137390
SRZ187296	13.151344465081646	7.110559237642335	24.76972734511475	32.113014902076465	22.855354050084806	6698798
SRZ187297	10.823881924504798	6.471120646846686	28.338424435036483	32.0361444765802	22.330428517031837	4974038
SRZ187298	10.60146781243791	6.400258295251341	27.211063232664415	36.658336230876216	19.128874428770118	6442240
SRZ187299	15.93293579317853	7.1181063089853085	20.230539759778452	22.102562006938616	34.615856131119095	1908738
SRZ187300	12.557828981259659	6.735502951674561	16.069663187341725	21.122769989446994	43.51423489027706	2399316
SRZ187301	8.333205333848257	5.0789464252669525	14.563488841736318	14.79674047482689	57.22761892432158	2734386
SRZ187302	12.211526165838887	7.1084331186733705	29.524048224323924	33.46030495695718	17.695687534206638	3910060
SRZ187303	9.102974586202798	5.913953776850952	31.10984655607786	41.027447109166474	12.845777971701919	2305598
SRZ187304	8.123410500960375	4.82268510930597	32.61582970698892	42.08302870812516	12.355045974619578	4344136
SRZ187305	7.1153787868552305	3.9029124866396763	39.67009175397359	38.7082945197751	10.603322452756398	5477038
SRZ187306	14.577055156049962	3.6435647084172773	27.15931363942008	47.74818011437609	6.87188638173659	9226404
SRZ187307	11.794903588194387	4.00019249411679	22.347439741537627	31.05992289830241	30.797541277848783	4613128
SRZ187308	14.861535297937639	5.08528752275426	25.970888397711175	32.13085357843208	21.951435203164845	3754242
SRZ187309	10.458435885496353	3.761059003525577	21.534124925164637	31.056564447105256	33.18981573870818	3607920
SRZ187310	11.451455261553548	4.2274033669555795	22.29562416199751	33.38214849054717	28.643368718946196	3720156
SRZ187311	14.437432418617492	7.029949952059721	24.17234901964493	31.22616778152023	23.134100828157628	4440942
SRZ187312	10.69699328008351	6.425318209637783	26.034045402154227	39.191512959838946	17.652130148285536	5150064
SRZ187313	10.588385326110386	5.546894084175133	25.462223212104664	42.83412124782665	15.568376129783168	5567440
SRZ187314	15.193956785436	6.501707295641652	17.45503369289056	30.515648756958164	30.33365346907362	5849602
SRZ187315	24.597286529557447	8.161004630128136	21.080677290836654	26.622563798858618	19.538467750619144	1485920
SRZ187316	17.624639743790276	6.721943378022397	26.323907693880173	27.505687440860683	21.823821743446473	1291442
SRZ187317	25.21785909327007	8.847641653219796	23.874078445343073	30.241603626860385	11.818817181306677	8089862
SRZ187318	17.378193130351132	6.594163814042575	26.34456547354276	31.73650850271796	17.94656907934557	2792166
SRZ187319	11.229294439637885	6.957867382989284	26.749455612226864	42.16481157344586	12.898570991700103	2602924
SRZ187320	9.461614309704654	4.957606010651137	30.057406922382967	42.823364369191474	12.700008388069769	4673304
SRZ187321	23.858396629162787	6.231483000441942	22.096033959374132	28.76990796892476	19.04417844209638	6693174
SRZ187322	19.580077792514455	5.278799383531018	21.78848637496113	32.600261325953056	20.752375123040338	5286884
SRZ187323	20.052786591952472	5.389211450175534	22.78633877936808	31.35245071563597	20.419212462867947	4739840
SRZ187324	18.11808050619952	4.521233091561994	30.137865471473354	32.2302395710852	14.99258135967993	4157096
SRZ187325	16.328551381932165	11.299117348939413	21.67378163819445	21.973300976859697	28.725248654074278	1621932
SRZ187326	17.5249789509048	10.210573904099078	21.273273248362734	22.721824282568033	28.26934961406536	1928824
SRZ187327	13.916734193112509	10.170000849693386	23.596814271532992	25.90010507184054	26.416345613820575	1930108
SRZ187328	14.467006445417418	10.605305080265216	26.2332265391199	26.69834783674281	21.996114098454658	2595022
SRZ187329	17.933684077682358	6.140181192627335	22.640492559268278	32.96379664551581	20.321845524906227	3866824
SRZ187330	18.289922822592274	6.519071500100597	23.571454219337497	31.24223082092117	20.377320637048463	3509058
SRZ187331	19.400537025976863	6.5548377704946805	23.7860829907541	30.26070587109183	19.99783634168253	4011724
SRZ187332	13.676478585629047	5.543256120185664	20.998450312656583	34.05712962036604	25.724685361162667	4817746
SRZ187333	18.978259631850253	11.59708931332145	25.69712391221516	27.348783126250925	16.378744016362212	1826648
SRZ187334	17.31485373198351	11.152795722916677	25.88761413540753	26.418011903464667	19.22672450622761	2312604
SRZ187335	18.442672407008633	7.123160765801993	25.600086344976663	31.537427774150924	17.29665270806179	2668366
SRZ187336	10.997037955295177	5.431209938643359	27.56467180604269	36.74492444402063	19.26215585599814	2684632
SRZ187337	13.61993219802889	4.56899699441754	17.045226379974775	22.708311206861133	42.057533220717666	2579866
SRZ187338	13.495652907293108	4.672364395117113	17.60554299936016	21.106734689078056	43.11970500915156	2466246
SRZ187339	9.707311684768843	3.3470668613894197	11.997419699750209	21.70668430807613	53.24151744601539	3277138
SRZ187340	11.587968793444661	10.503262949575571	48.23334587265501	13.122454653996499	16.55296773032826	2445640
SRZ187341	10.225135735177378	5.780153585573654	28.97760316510237	30.511973137382252	24.505134376764346	1884552
SRZ187342	10.885864777221691	5.16626366004986	28.93147013064912	34.084518922566495	20.931882509512832	2133960
SRZ187343	10.710348595499262	4.929492090894103	29.209703646949666	37.97219447380927	17.1782611928477	2474616
SRZ187344	8.04767143778487	4.391741141997222	32.17243952097323	39.651316348080265	15.736831551164416	2214156
SRZ187345	13.85233537564205	3.4514323172492847	26.692147991478258	49.83636933223114	6.167714983399263	8835752
SRZ187346	13.478070033713553	4.099778115272347	29.296539244514815	43.87724712142265	9.248365485076636	7427280
SRZ187347	12.396335110936903	3.5102942845059673	21.66615521883091	37.065161892580484	25.36205349314574	3102304
SRZ187348	15.373834719072814	4.725875535399345	23.24748047367095	36.849080372889894	19.803728898966995	3175200
SRZ187349	16.01134019991361	11.01167480881664	24.895814955192826	22.254128364086935	25.82704167198999	1972452
SRZ187350	13.85829196753617	3.283509904932856	28.478949761911064	46.30785296474262	8.071395400877284	8312020
SRZ187351	16.999868438013706	3.120876229406895	27.18243394990279	45.7506807336109	6.94614064906571	3009988
SRZ187352	21.06603215275725	7.062374444127601	24.758354855814382	39.45644289287699	7.656795654423777	3443686
SRZ187353	9.049491281250939	3.9482727572856327	15.680730213992016	25.985023560130855	45.33648218734056	5331040
SRZ187354	22.376228533361232	9.24802975596945	19.567389712240814	23.28090736917174	25.527444629256763	1873372
SRZ187355	19.46810600662483	5.948422461494901	22.650660960001016	39.83548711097039	12.09732346090886	5975702
SRZ187356	10.006178645862152	6.116340673933492	25.591063557055644	43.72700298788248	14.559414135266236	3470016
SRZ187357	15.111948136272998	6.466152523364109	20.028623101719997	47.13926234930827	11.254013889334628	43560618
SRZ187358	14.436772904570386	7.02429669264872	23.61403116384772	46.876672370335754	8.04822686859742	14504114
SRZ187359	13.638205662695258	9.318422109481933	25.447341268865557	41.34240173244853	10.253629226508721	4392396
SRZ187360	14.135152890122972	6.607879731698	25.580319974923107	44.22792405347514	9.448723349780781	10795596
SRZ187361	12.742430796580518	2.1027855301068334	23.48735087198172	57.069732560647935	4.597700240682993	17707940
SRZ187362	17.126522451934186	4.371429204556127	19.018377934238448	28.191727907101896	31.29194250216934	5686058
SRZ187363	15.85316707358438	8.378810725612084	21.52785007517063	35.67157094865001	18.5686011769829	3573204
SRZ187364	13.916839766574382	12.095519723961951	25.25312915400497	29.3527687081457	19.381742647312997	2545736
SRZ187365	16.15957588420157	11.411076321165856	24.253543462030407	28.25648356609157	19.919320766510594	1727830
SRZ187366	14.760451812842508	2.852473391172927	25.42310351956542	53.601191961389574	3.3627793150295697	7855288
SRZ187367	17.342315428173237	3.208185819366598	29.267010957906148	42.89262231001473	7.2898654845392885	1389134
SRZ187368	17.03651899292224	3.6306579991503485	23.847659850749857	43.63192045336133	11.85324270381622	1996112
SRZ187369	21.697150457458385	7.770908064971182	22.710733142557736	26.127282253839024	21.69392608117367	1240550
SRZ187370	16.21242171797357	10.12026380232448	23.054274984164877	27.251288837610616	23.361750657926454	2406044
SRZ187371	13.970489516162665	4.251808626906107	22.559117804841403	37.72650327561	21.492080776479824	7001444
SRZ187372	17.81007682228103	6.860049844556923	27.310243827239795	30.679376172246346	17.340253333675907	3892100
SRZ187373	15.550580916465723	3.005716139008342	26.835441991272585	40.02312548723619	14.585135466017157	4353638
SRZ187374	20.875355627097615	8.814272360859961	23.284200497487962	30.127299801892757	16.898871712661705	3333548
SRZ187375	15.344050652003926	3.9728095905845158	23.385668671887537	33.46214453353807	23.83532655198595	3527126
SRZ187376	10.479797169731537	4.849589131059872	19.11163188662595	26.179837472157207	39.379144340425434	3429074
SRZ187377	26.31584763258849	13.260966854949658	18.52214734694103	24.342651714529346	17.558386450991478	1085954
SRZ187378	17.84452245737254	4.508243882214228	26.450334028587736	33.67492741463087	17.521972217194623	3458686
SRZ187379	9.36748280792117	5.7159995182821195	11.407141158778536	15.736040217267115	57.77333629775106	2590728
SRZ187380	17.67262602524512	6.603873800502815	29.05082010291122	33.57391921785981	13.098760853481034	5365790
SRZ187381	21.10012980244828	3.8885562851299778	28.480528514414335	34.010589971139275	12.520195426868138	5365076
SRZ187382	11.996331688676946	6.442646462180097	18.90853350992528	22.023844023599853	40.62864431561783	4865454
SRZ187383	15.61410221908254	5.576650295466523	21.096001390430697	33.20473251028807	24.508513584732174	2853792
SRZ187384	16.411737030405394	3.8427300205455572	27.443961496784226	41.081492219621325	11.220079232643501	4136174
SRZ187385	16.582436989020383	3.7386111376708833	27.730706181463788	45.14113606961707	6.8071096222278795	3472252
SRZ187386	16.071377241377988	5.390996736503824	24.089651286905966	39.82672617484904	14.621248560363181	4174664
SRZ187387	5.604607442196696	3.150851221990602	14.42002332364167	19.465920431373707	57.35859758079732	3519176
SRZ187388	10.254543800186529	4.452539642821939	13.815600624362936	18.351872493043075	53.12544343958552	1846362
SRZ187389	14.626357264066192	4.1317530472588535	29.128841653449864	42.53532491154908	9.577723123676009	2885216
SRZ187390	16.081093213847826	6.069435520752377	24.017934049161514	38.983620309917875	14.847916906320405	2851336
SRZ187391	5.5310654249418185	5.406586758542269	7.902415693814155	11.075592283272902	70.08433983942885	2525734
SRZ187392	19.187618436432544	4.687537272748958	27.25173949192116	40.61925272392886	8.25385207496848	3437498
SRZ187393	20.94971378150938	4.189668731897263	26.97748341467291	33.071347734229214	14.811786337691235	3649310
SRZ187394	22.839551526016486	21.86325364054487	19.449546676854805	17.942192114969217	17.905456041614624	680530
SRZ187395	18.18086291647286	5.439315996297504	23.702233396329337	25.267990561416468	27.409597129483828	2588524
SRZ187396	16.016558832233724	9.174344442849522	9.985155413312162	10.707241476472246	54.116699835132344	3385746
SRZ187397	10.706855473730405	6.278174135445976	27.561212909185027	39.52866087287699	15.925096608761603	3654948
SRZ187398	14.133532135949562	3.8478721450674387	25.15529170355387	43.10800847469241	13.755295540736721	2189106
SRZ187399	21.465738287075283	6.3820221734157085	18.63477315955081	23.489710016762125	30.027756363196072	3914778
SRZ187400	13.667169055542631	8.82484835610942	26.665385406446088	31.317540115245986	19.525057066655876	1186332
SRZ187401	11.023074879576201	4.358696883631349	23.734426946802568	48.04553054838243	12.838270741607447	4095536
SRZ187402	12.873299032530204	5.278463745103801	22.21341064903962	49.76043535409804	9.874391219228334	6839490
SRZ187403	15.788714112338992	7.782510098086048	12.76857195424339	33.781747994308276	29.878455841023296	9479024
SRZ187404	13.30829243486328	6.95221485249265	16.748136522303632	40.430635970994146	22.56072021934629	11617794
SRZ187405	8.881234601193906	3.6951005748887606	28.05996494281757	45.20522548142337	14.158474399676395	6526480
SRZ187406	34.19305298502718	3.532110205787889	18.275595448024895	28.061184080375938	15.938057280784097	5631138
SRZ187407	30.487845063151486	13.274687293669963	17.67277413748705	19.61436648974406	18.950327015947444	1638758
SRZ187408	20.911141582117146	7.280497812330528	25.975688549880143	28.602621893844063	17.23005016182812	2658994
SRZ187409	7.5723610149125244	5.114079119611429	13.708127874976121	19.692677831783282	53.912754158716645	5957006
SRZ187410	10.660293666714262	5.595678094841287	26.2371757810397	40.27840522074159	17.228447236663165	4272190
SRZ187411	19.081952017928014	6.447059272143823	18.965428738204675	34.1628070010765	21.342752970646988	2727352
SRZ187412	5.856078501108263	3.4110750636043243	12.351840779858327	25.179751351548138	53.20125430388095	5713448
SRZ187413	19.276530440215396	16.106067217390443	14.942803732756825	18.359332387913167	31.31526622172417	1613392
SRZ187414	17.301040449136792	5.903542892180345	25.004656153595587	34.268064151449536	17.52269635363774	2609450
SRZ187415	12.04635421850953	3.9321455096743567	21.358468029065182	39.973277796069006	22.689754446681928	2612060
SRZ187416	10.585867358315632	3.8623587263957186	26.25101224077834	34.77906744751018	24.52169422700013	1704140
SRZ187417	17.59765920786817	8.341857946606394	17.05282212322876	29.20275340246366	27.804907319833013	2799736
SRZ187418	10.364669337366527	3.0462531220089786	31.175303724251354	45.9933495034821	9.420424312891043	2996468
SRZ187419	8.911824741364471	3.9500986811884826	24.804089593437727	39.6778632064364	22.65612377757292	1893978
SRZ187420	29.373537624663946	9.219745274653171	20.142098761020936	23.7421000603086	17.522518279353346	1847166
SRZ187421	12.207782016878793	3.0817724059575333	24.08085065936932	41.48837759337934	19.14121732441501	3619216
SRZ187422	13.85327541956891	5.090788856552733	21.22006356530884	29.49520638333202	30.340665775237497	6865380
SRZ187423	10.002560780697516	3.3428910583340796	24.082250257654906	32.578491712783844	29.993806190529654	3170908
SRZ187424	7.730097807598045	4.215860319888615	8.088764147018065	10.11668952875981	69.84858819673546	3984762
SRZ187425	8.706768375241452	5.127690545943443	10.73180951270329	13.557903986147167	61.87582757996465	2949866
SRZ187426	17.819840996925667	15.001616719445286	24.618787819687025	24.70578272317144	17.853971740770586	1558712
SRZ187427	13.38900093363134	8.55198224887944	26.677121182114696	34.966474147303586	16.41542148807094	2474210
SRZ187428	10.220895428938432	5.691509474109514	27.5210200155452	41.47941581746081	15.087159263946045	4088722
SRZ187429	10.063775399121615	3.8350813540543744	20.148641398083367	29.306921995450942	36.645579853289696	5281974
SRZ187430	26.435775051065615	7.444994743701219	19.96252434523453	31.358985585968885	14.797720274029754	7746896
SRZ187431	2.7647696118271408	1.3765142147126905	9.991746223897433	81.28781958286457	4.57915036669817	26896780
SRZ187432	3.8686329312441985	3.4278853377075365	14.628719290193649	70.24256553586386	7.832196904990749	7774064
SRZ187433	0.8360357724799823	0.7114979732989093	6.735526585461803	89.87535678680165	1.8415828819576634	21439274
SRZ187434	3.3888064220098206	1.6148514319373655	12.169888965140924	77.00241460030239	5.824038580609495	18718626
SRZ187435	16.95349103453341	4.733412104729956	19.08310722722	25.590211086265676	33.639778547250955	10184746
SRZ187436	19.20665529019428	4.4461400856951006	19.180215492429117	24.04002263806717	33.12696649361433	3714098
