	Eukaryote	EukaryoteVirus	Plasmid	Prokaryote	ProkaryoteVirus	TotalCnt
SRZ187075	10.596379126730564	1.650692225772098	9.26517571884984	46.37912673056443	32.108626198083066	1878.0
SRZ187076	14.657293497363796	2.460456942003515	15.922671353251317	53.391915641476274	13.567662565905097	2845.0
SRZ187077	11.593843098311817	0.7696127110228401	24.652432969215493	59.13604766633565	3.8480635551142006	4028.0
SRZ187078	8.919019778579425	1.828585644980719	16.6563005348924	43.87361612140813	28.722477920139323	8039.0
SRZ187079	16.339285714285715	0.9821428571428571	17.857142857142858	61.339285714285715	3.482142857142857	1120.0
SRZ187080	16.69150521609538	2.0864381520119224	14.008941877794337	55.58867362146051	11.624441132637854	671.0
SRZ187081	9.833795013850416	4.1551246537396125	19.390581717451525	53.878116343490305	12.742382271468143	722.0
SRZ187082	9.81638418079096	1.60075329566855	25.847457627118644	53.695856873822976	9.03954802259887	4248.0
SRZ187083	15.945485519591141	1.0562180579216354	18.160136286201023	53.969335604770016	10.868824531516184	2935.0
SRZ187084	14.053377814845705	2.2518765638031693	19.849874895746456	50.6255212677231	13.219349457881568	2398.0
SRZ187085	13.819985825655563	1.2520670918969998	19.962201748169146	59.036144578313255	5.929600755965037	4233.0
SRZ187086	14.297981966509232	1.5457277801631601	20.953198797767282	48.90510948905109	14.297981966509232	2329.0
SRZ187087	15.211267605633802	3.9906103286384975	21.830985915492956	46.19718309859155	12.769953051643192	2130.0
SRZ187088	13.194805194805195	1.7662337662337662	18.12987012987013	56.467532467532465	10.441558441558442	1925.0
SRZ187089	9.588116137744768	1.688048615800135	17.555705604321403	53.814989871708306	17.35313977042539	1481.0
SRZ187090	10.087463556851311	1.2244897959183674	26.64723032069971	50.029154518950435	12.011661807580175	1715.0
SRZ187091	13.41594827586207	1.2392241379310345	18.426724137931036	60.39870689655172	6.519396551724138	1856.0
SRZ187092	12.857142857142858	2.0238095238095237	9.523809523809524	36.54761904761905	39.04761904761905	840.0
SRZ187093	18.068535825545172	11.526479750778817	14.018691588785046	43.925233644859816	12.461059190031152	642.0
SRZ187094	9.518882565959649	1.5002586652871184	23.9524055871702	59.75168132436627	5.276771857216762	1933.0
SRZ187095	3.3717105263157894	0.7401315789473685	11.513157894736842	35.11513157894737	49.25986842105263	1216.0
SRZ187096	19.444444444444443	2.361111111111111	18.61111111111111	41.388888888888886	18.194444444444443	720.0
SRZ187097	9.618320610687023	0.9923664122137404	20.229007633587788	63.43511450381679	5.7251908396946565	1310.0
SRZ187098	3.1088082901554404	0.3454231433506045	8.46286701208981	32.81519861830743	55.26770293609672	579.0
SRZ187099	18.369565217391305	2.717391304347826	18.695652173913043	40.32608695652174	19.891304347826086	920.0
SRZ187100	10.519951632406288	1.9347037484885128	21.704957678355502	55.56227327690448	10.278113663845224	1654.0
SRZ187101	11.07266435986159	1.2110726643598615	20.645905420991927	40.484429065743946	26.585928489042676	1734.0
SRZ187102	13.370998116760829	2.824858757062147	18.89516635279347	50.533584431889516	14.375392341494036	1593.0
SRZ187103	12.066115702479339	1.322314049586777	18.732782369146005	57.79614325068871	10.082644628099173	1815.0
SRZ187104	12.987012987012987	1.4167650531286895	20.365997638724913	44.15584415584416	21.074380165289256	1694.0
SRZ187105	19.031141868512112	3.7197231833910034	18.252595155709344	40.916955017301035	18.079584775086506	1156.0
SRZ187106	10.310021629416006	1.225666906993511	21.989906272530643	52.91997116077866	13.554434030281183	1387.0
SRZ187107	12.340710932260228	1.6096579476861168	19.986586183769283	47.08249496981891	18.98054996646546	1491.0
SRZ187108	14.965464313123562	2.6477359938603224	24.635456638526477	43.207981580967	14.54336147352264	2606.0
SRZ187109	13.64864864864865	1.8918918918918919	22.2972972972973	53.24324324324324	8.91891891891892	740.0
SRZ187110	16.53846153846154	1.3675213675213675	21.324786324786324	49.61538461538461	11.153846153846153	2340.0
SRZ187111	14.319170291067246	3.6467045834727334	24.355971896955502	42.857142857142854	14.821010371361659	2989.0
SRZ187112	11.622554660529344	0.5753739930955121	25.20138089758343	59.60874568469505	2.991944764096663	869.0
SRZ187113	15.015772870662461	1.0094637223974763	22.145110410094638	56.34069400630915	5.488958990536277	1585.0
SRZ187114	23.885714285714286	1.4857142857142858	16.571428571428573	44.68571428571428	13.371428571428572	875.0
SRZ187115	16.8075117370892	2.9107981220657275	20.751173708920188	52.20657276995305	7.323943661971831	1065.0
SRZ187116	7.142857142857143	1.3571428571428572	19.214285714285715	56.714285714285715	15.571428571428571	1400.0
SRZ187117	18.727490996398558	0.6002400960384153	25.330132052821128	42.25690276110444	13.085234093637455	833.0
SRZ187118	14.847942754919499	2.0572450805008944	22.003577817531305	56.082289803220036	5.008944543828265	1118.0
SRZ187119	13.93939393939394	1.0606060606060606	17.727272727272727	52.57575757575758	14.696969696969697	660.0
SRZ187120	32.5	8.75	12.5	36.25	10.0	80.0
SRZ187121	19.373219373219374	3.133903133903134	18.803418803418804	46.15384615384615	12.535612535612536	351.0
SRZ187122	13.47305389221557	1.7964071856287425	17.664670658682635	38.92215568862275	28.143712574850298	1002.0
SRZ187123	11.53588195841717	2.8839704896042924	27.33065057008719	47.652582159624416	10.596914822266935	2982.0
SRZ187124	10.26512576478586	0.8157715839564922	27.668252889191027	58.93949694085656	2.311352821210061	1471.0
SRZ187125	9.50943396226415	1.509433962264151	19.32075471698113	48.60377358490566	21.056603773584907	1325.0
SRZ187126	7.2265625	5.6640625	16.30859375	64.2578125	6.54296875	1024.0
SRZ187127	18.545454545454547	0.5454545454545454	19.09090909090909	58.0	3.8181818181818183	550.0
SRZ187128	2.575107296137339	0.8583690987124464	15.021459227467812	28.326180257510728	53.21888412017167	233.0
SRZ187129	7.6171875	1.5625	14.453125	36.1328125	40.234375	512.0
SRZ187130	13.47517730496454	2.8368794326241136	24.73404255319149	40.42553191489362	18.52836879432624	1128.0
SRZ187131	14.53968253968254	1.5873015873015872	18.603174603174605	45.26984126984127	20.0	1575.0
SRZ187132	13.490725126475548	3.372681281618887	13.827993254637438	53.79426644182125	15.51433389544688	593.0
SRZ187133	13.454545454545455	1.2727272727272727	15.090909090909092	57.18181818181818	13.0	1100.0
SRZ187134	13.059701492537313	1.9900497512437811	23.880597014925375	44.65174129353234	16.417910447761194	804.0
SRZ187135	14.919011082693947	4.43307757885763	21.483375959079282	39.21568627450981	19.948849104859335	1173.0
SRZ187136	15.969802555168409	1.7421602787456445	17.247386759581882	45.760743321718934	19.279907084785133	1722.0
SRZ187137	11.647429171038825	1.3641133263378804	16.054564533053515	33.68310598111228	37.250786988457506	953.0
SRZ187138	14.757969303423849	3.7780401416765055	20.77922077922078	43.91971664698937	16.76505312868949	1694.0
SRZ187139	10.676156583629894	0.9489916963226572	18.14946619217082	54.922894424673785	15.302491103202847	843.0
SRZ187140	9.625	0.75	32.9	49.075	7.65	4000.0
SRZ187141	34.78260869565217	1.6304347826086956	8.152173913043478	26.08695652173913	29.347826086956523	184.0
SRZ187142	13.375796178343949	1.5923566878980893	20.38216560509554	58.67834394904459	5.971337579617835	1256.0
SRZ187143	12.220762155059132	1.1826544021024967	30.61760840998686	42.96977660972405	13.009198423127463	761.0
SRZ187144	23.369565217391305	2.1739130434782608	17.753623188405797	36.594202898550726	20.108695652173914	552.0
SRZ187145	10.183767228177642	0.4211332312404288	25.038284839203676	61.63859111791731	2.7182235834609494	2612.0
SRZ187146	28.160484481453445	2.1196063588190763	15.518546555639666	42.316426949280846	11.884935654806965	1321.0
SRZ187147	15.95959595959596	3.3333333333333335	14.747474747474747	50.80808080808081	15.151515151515152	990.0
SRZ187148	14.028553693358162	1.6139044072004967	21.104903786468032	58.659217877094974	4.5934202358783365	1611.0
SRZ187149	19.152542372881356	2.3728813559322033	17.796610169491526	48.644067796610166	12.033898305084746	590.0
SRZ187150	13.743589743589743	5.0256410256410255	24.71794871794872	44.1025641025641	12.41025641025641	975.0
SRZ187151	12.363808621506395	1.231643770724775	27.333017527238276	49.73945997157745	9.332070108953102	2111.0
SRZ187152	13.614775725593667	1.3720316622691293	25.38258575197889	49.12928759894459	10.50131926121372	1895.0
SRZ187153	12.18557853549469	4.192286193404136	21.46450531022918	43.320290665176074	18.83733929569592	1789.0
SRZ187154	13.844515441959532	2.7156549520766773	17.838125665601705	56.86900958466454	8.73269435569755	1878.0
SRZ187155	13.312146892655367	1.4124293785310735	20.7274011299435	57.37994350282486	7.168079096045198	2832.0
SRZ187156	13.883847549909255	1.633393829401089	21.05263157894737	55.56563823351482	7.864488808227465	3306.0
SRZ187157	10.548001648125258	1.3597033374536465	23.81540997115781	59.00288421920066	5.274000824062629	2427.0
SRZ187158	15.920915712799168	0.5202913631633714	24.557752341311133	48.38709677419355	10.613943808532778	961.0
SRZ187159	9.953051643192488	4.694835680751174	28.732394366197184	43.755868544600936	12.863849765258216	1065.0
SRZ187160	12.635379061371841	1.9855595667870036	25.63176895306859	56.13718411552347	3.6101083032490973	554.0
SRZ187161	12.82616685042264	2.0213156927600147	19.18412348401323	59.20617420066152	6.762219772142594	2721.0
SRZ187162	13.025210084033613	2.9411764705882355	23.10924369747899	50.67226890756302	10.252100840336135	1190.0
SRZ187163	9.906291834002678	4.28380187416332	24.096385542168676	55.02008032128514	6.693440428380187	747.0
SRZ187164	19.42800788954635	3.747534516765286	19.23076923076923	46.646942800788956	10.946745562130177	1014.0
SRZ187165	10.589013898080742	3.57379219060225	25.876902713434813	47.385837193911314	12.57445400397088	1511.0
SRZ187166	16.65832916458229	0.7503751875937968	23.261630815407702	57.5287643821911	1.8009004502251125	1999.0
SRZ187167	14.474180173388616	1.0177157934413872	20.203543158688277	39.31398416886544	24.990576705616284	2653.0
SRZ187168	7.5076385857704055	3.535573985159319	24.879965080750765	51.33129637712789	12.74552597119162	2291.0
SRZ187169	13.072227873855544	1.6785350966429298	23.65208545269583	59.56256358087487	2.034587995930824	1966.0
SRZ187170	12.189054726368159	1.7412935323383085	24.751243781094526	41.666666666666664	19.65174129353234	804.0
SRZ187171	15.147265077138849	3.015427769985975	24.474053295932677	43.26788218793829	14.095371669004207	1426.0
SRZ187172	11.78092986603625	1.4972419227738376	21.670606776989757	59.692671394799056	5.358550039401103	2538.0
SRZ187173	11.488372093023257	0.9767441860465116	24.046511627906977	56.883720930232556	6.604651162790698	2150.0
SRZ187174	24.56445993031359	4.878048780487805	16.72473867595819	40.24390243902439	13.588850174216027	574.0
SRZ187175	15.378610460577674	0.702576112412178	22.872755659640905	58.78220140515222	2.263856362217018	1281.0
SRZ187176	11.002921129503408	2.044790652385589	17.526777020447906	35.05355404089581	34.37195715676728	2054.0
SRZ187177	13.308589607635207	3.9766702014846236	22.95864262990456	46.71261930010604	13.043478260869565	1886.0
SRZ187178	18.197135636057286	1.1794439764111204	20.80876158382477	57.20303285593934	2.611625947767481	1187.0
SRZ187179	7.8125	1.0584677419354838	23.08467741935484	49.44556451612903	18.598790322580644	1984.0
SRZ187180	10.90047393364929	5.055292259083728	24.407582938388625	47.156398104265406	12.480252764612954	1266.0
SRZ187181	13.03692539562924	1.4318010550113036	22.15523737754333	53.88093443858327	9.495101733232856	1327.0
SRZ187182	12.212765957446809	1.3191489361702127	17.70212765957447	46.255319148936174	22.51063829787234	2350.0
SRZ187183	13.973509933774835	3.8410596026490067	21.52317880794702	45.43046357615894	15.2317880794702	1510.0
SRZ187184	14.131736526946108	0.2994011976047904	18.023952095808383	66.58682634730539	0.9580838323353293	1670.0
SRZ187185	10.603715170278639	3.4055727554179565	19.814241486068113	48.9938080495356	17.18266253869969	1292.0
SRZ187186	10.34920634920635	3.9365079365079363	24.952380952380953	46.92063492063492	13.841269841269842	1575.0
SRZ187187	10.3654883163571	1.8573996405032953	19.952067106051526	60.51527860994607	7.309766327142001	1669.0
SRZ187188	13.962920046349941	3.186558516801854	19.119351100811123	46.00231749710313	17.72885283893395	1726.0
SRZ187189	13.71191135734072	4.362880886426593	20.63711911357341	49.307479224376735	11.98060941828255	1444.0
SRZ187190	14.95461060678452	1.6244624940277115	21.548017200191115	56.187290969899664	5.68561872909699	2093.0
SRZ187191	7.218390804597701	1.103448275862069	19.126436781609197	44.7816091954023	27.770114942528735	2175.0
SRZ187192	12.5	4.947916666666667	17.447916666666668	52.083333333333336	13.020833333333334	384.0
SRZ187193	10.89542892924233	0.25046963055729493	24.733876017532875	62.86787726988103	1.2523481527864746	1597.0
SRZ187194	16.077865897620764	1.4419610670511895	14.924297043979813	57.4621485219899	10.093727469358328	1387.0
SRZ187195	10.005579319323042	2.7338664682908687	22.335875023247162	55.848986423656314	9.07569276548261	5377.0
SRZ187196	10.004547521600728	0.6366530241018645	24.283765347885403	62.93769895407003	2.1373351523419735	2199.0
SRZ187197	6.390532544378698	1.143984220907298	22.682445759368836	61.30177514792899	8.481262327416173	2535.0
SRZ187198	8.606201101130107	4.172703564184294	24.282816574905823	49.69574036511156	13.242538394668212	3451.0
SRZ187199	15.590062111801242	1.1180124223602483	17.577639751552795	62.98136645962733	2.732919254658385	3220.0
SRZ187200	12.482468443197757	1.2342215988779803	25.35764375876578	48.55539971949509	12.370266479663394	3565.0
SRZ187201	8.238387379491673	3.023663453111306	19.631901840490798	57.84399649430324	11.26205083260298	2282.0
SRZ187202	14.910163582729954	1.4212925717350495	18.718155001340843	56.50308393671226	8.447304907481898	3729.0
SRZ187203	13.70679380214541	1.7401668653158522	19.117997616209774	56.87723480333731	8.557806912991657	4195.0
SRZ187204	10.616438356164384	3.4246575342465753	21.28180039138943	56.2133072407045	8.463796477495107	2044.0
SRZ187206	14.37125748502994	2.1956087824351296	26.94610778443114	54.091816367265466	2.395209580838323	501.0
SRZ187207	6.972677595628415	1.3114754098360655	20.02185792349727	63.40983606557377	8.28415300546448	4575.0
SRZ187208	4.800512054619159	0.7680819287390654	22.146362278643057	64.71090249626627	7.574141241732452	4687.0
SRZ187209	8.269990878686531	2.584372149589541	21.526299787169354	58.163575554879905	9.455761629674674	3289.0
SRZ187210	6.939704209328783	1.222980659840728	23.890784982935152	58.44709897610922	9.49943117178612	3516.0
SRZ187211	6.1547836684948205	0.8531383302864107	20.35344302254723	63.132236441194394	9.506398537477148	1641.0
SRZ187212	32.38993710691824	2.138364779874214	14.685534591194969	45.25157232704402	5.534591194968553	3180.0
SRZ187213	21.360759493670887	3.3623417721518987	16.139240506329113	49.5253164556962	9.612341772151899	2528.0
SRZ187214	28.49435998038254	2.525747915644924	15.743011280039235	46.66503187837175	6.57184894556155	4078.0
SRZ187215	23.488255872063966	2.048975512243878	18.257537897717807	48.609028818923875	7.596201899050475	6003.0
SRZ187216	11.655508216676811	2.130249543517955	21.180766889835667	59.43396226415094	5.599513085818624	3286.0
SRZ187217	10.41220556745182	2.5428265524625266	22.21627408993576	57.896145610278374	6.93254817987152	3736.0
SRZ187218	8.300589390962672	1.5717092337917484	23.109037328094303	61.95972495088409	5.05893909626719	4072.0
SRZ187219	10.181632130979791	2.2000511639805578	20.619084164748017	61.26886671783065	5.730365822460987	3909.0
SRZ187220	14.188034188034187	2.735042735042735	17.264957264957264	51.794871794871796	14.017094017094017	585.0
SRZ187221	12.141652613827993	1.349072512647555	20.741989881956155	55.98650927487353	9.780775716694773	593.0
SRZ187222	11.04417670682731	2.5100401606425704	19.97991967871486	56.12449799196787	10.34136546184739	996.0
SRZ187223	16.666666666666668	4.166666666666667	19.94047619047619	47.023809523809526	12.202380952380953	336.0
SRZ187224	15.116279069767442	3.488372093023256	20.232558139534884	51.68604651162791	9.476744186046512	1720.0
SRZ187225	16.11345805672903	2.655401327700664	22.389861194930596	48.64212432106216	10.199155099577549	1657.0
SRZ187226	15.518962075848304	1.996007984031936	21.20758483033932	51.89620758483034	9.3812375249501	2004.0
SRZ187227	10.277777777777779	3.5416666666666665	25.48611111111111	49.583333333333336	11.11111111111111	1440.0
SRZ187228	12.036108324974924	4.613841524573721	18.85656970912738	55.66700100300903	8.826479438314944	997.0
SRZ187229	12.927191679049034	1.9316493313521546	17.01337295690936	58.989598811292716	9.13818722139673	1346.0
SRZ187230	13.186813186813186	0.9216589861751152	22.50974831619993	59.05707196029777	4.3247075505140025	2821.0
SRZ187231	15.969802555168409	3.4262485481997675	17.247386759581882	56.79442508710802	6.562137049941928	1722.0
SRZ187232	13.87140902872777	1.8878248974008207	20.24623803009576	54.33652530779754	9.658002735978112	3655.0
SRZ187233	9.378531073446327	1.92090395480226	18.70056497175141	62.14689265536723	7.853107344632768	1770.0
SRZ187234	7.961007311129164	1.1372867587327375	21.527213647441105	65.51584077985378	3.858651502843217	2462.0
SRZ187235	7.3092736409319325	2.0100502512562812	19.87208771128369	66.87985381452718	3.9287345820009136	2189.0
SRZ187236	17.138599105812222	2.5335320417287632	10.283159463487332	22.205663189269746	47.83904619970194	671.0
SRZ187237	13.0	3.1666666666666665	19.666666666666668	40.666666666666664	23.5	600.0
SRZ187238	6.15234375	2.9296875	23.6328125	50.78125	16.50390625	1024.0
SRZ187239	10.033632286995516	2.4103139013452917	20.739910313901344	46.860986547085204	19.955156950672645	1784.0
SRZ187240	10.624272974020938	1.8999612252811167	24.81582008530438	42.846064366033346	19.813881349360216	2579.0
SRZ187241	14.366515837104073	3.167420814479638	16.968325791855204	34.04977375565611	31.447963800904976	884.0
SRZ187242	13.978494623655914	3.4050179211469533	13.799283154121865	48.028673835125446	20.788530465949822	558.0
SRZ187243	6.70391061452514	1.5642458100558658	21.34078212290503	57.20670391061452	13.184357541899441	1790.0
SRZ187244	13.036303630363037	1.045104510451045	17.766776677667767	39.713971397139716	28.437843784378437	1818.0
SRZ187245	10.79763148728666	1.9505398815743644	19.08742598397771	32.0445837687217	36.11981887843957	2871.0
SRZ187246	6.802063185041908	2.5467440361057383	15.441650548033527	54.28755641521599	20.921985815602838	3102.0
SRZ187247	12.173913043478262	2.2222222222222223	17.294685990338163	42.41545893719807	25.893719806763286	1035.0
SRZ187248	9.346685741535527	3.814973772055317	13.066285169289461	32.284215546018125	41.48783977110158	2097.0
SRZ187249	5.481377371749824	3.9353478566408997	14.195361911454674	31.201686577652847	45.18622628250176	1423.0
SRZ187250	5.0228310502283104	1.67427701674277	14.307458143074582	27.09284627092846	51.90258751902587	657.0
SRZ187251	16.519250780437044	1.7950052029136316	20.161290322580644	46.82622268470343	14.698231009365244	3844.0
SRZ187252	24.20212765957447	0.7978723404255319	14.893617021276595	34.04255319148936	26.06382978723404	376.0
SRZ187253	18.963165075034105	3.819918144611187	14.461118690313779	26.73942701227831	36.01637107776262	733.0
SRZ187254	17.48878923766816	5.082212257100149	19.581464872944693	34.379671150971596	23.467862481315397	669.0
SRZ187255	10.013812154696133	4.212707182320442	27.96961325966851	45.37292817679558	12.430939226519337	1448.0
SRZ187256	11.297071129707113	3.430962343096234	24.686192468619247	46.69456066945607	13.891213389121338	1195.0
SRZ187257	11.645569620253164	3.2911392405063293	27.151898734177216	44.11392405063291	13.79746835443038	1580.0
SRZ187258	11.704063068526379	1.879927228623408	21.89205579138872	54.27531837477259	10.248635536688901	1649.0
SRZ187259	10.465116279069768	1.9027484143763214	23.890063424947147	52.53699788583509	11.20507399577167	946.0
SRZ187260	12.524850894632207	5.831676607024519	17.56129887342611	48.84029158383035	15.241882041086813	1509.0
SRZ187261	9.917808219178083	1.4246575342465753	15.287671232876713	34.52054794520548	38.84931506849315	1825.0
SRZ187262	9.87468671679198	4.2105263157894735	23.80952380952381	47.31829573934837	14.786967418546366	1995.0
SRZ187263	6.901475487862922	3.3793431699190863	27.225130890052355	49.357448833888625	13.13660161827701	2101.0
SRZ187264	7.921381774865992	1.9058963668850506	24.300178677784395	49.31506849315068	16.557474687313878	1679.0
SRZ187265	12.631578947368421	2.1052631578947367	21.05263157894737	49.473684210526315	14.736842105263158	95.0
SRZ187266	5.333333333333333		36.0	53.333333333333336	5.333333333333333	75.0
SRZ187267	22.22222222222222	7.407407407407407	11.11111111111111	29.62962962962963	29.62962962962963	27.0
SRZ187268	20.977011494252874	2.586206896551724	13.793103448275861	25.862068965517242	36.7816091954023	348.0
SRZ187269	10.812356979405035	3.3180778032036615	19.736842105263158	49.59954233409611	16.533180778032037	1748.0
SRZ187270	11.507293354943274	1.7828200972447326	25.60777957860616	45.380875202593195	15.721231766612641	617.0
SRZ187271	11.076923076923077	1.3076923076923077	26.153846153846153	45.69230769230769	15.76923076923077	1300.0
SRZ187272	10.507880910683012	0.9632224168126094	26.970227670753065	47.19789842381786	14.360770577933451	1142.0
SRZ187273	8.890845070422536	2.464788732394366	17.077464788732396	45.95070422535211	25.616197183098592	1136.0
SRZ187274	9.560723514211887	1.0335917312661498	6.718346253229974	16.537467700258397	66.14987080103359	387.0
SRZ187275	6.310679611650485	1.4563106796116505	12.62135922330097	55.98705501618123	23.624595469255663	618.0
SRZ187276	10.155239327296249	2.7813712807244504	21.021992238033636	43.33764553686934	22.703751617076325	1546.0
SRZ187277	7.806912991656734	1.66865315852205	20.500595947556615	57.44934445768772	12.574493444576877	1678.0
SRZ187278	8.054260279779568	1.6108520559559136	20.771513353115726	54.429843153878764	15.13353115727003	2359.0
SRZ187279	6.193272824345969	0.6940736785904965	23.70528563801388	53.17672183662573	16.23064602242392	1873.0
SRZ187280	5.563380281690141	0.49295774647887325	20.140845070422536	64.01408450704226	9.788732394366198	1420.0
SRZ187281	3.6503362151777137	0.38424591738712777	22.958693563880885	61.287223823246876	11.719500480307397	1041.0
SRZ187282	3.536664503569111	0.746268656716418	25.89227774172615	63.40038935756002	6.424399740428293	3082.0
SRZ187283	14.890154597233524	1.627339300244101	20.50447518307567	51.830756712774615	11.14727420667209	1229.0
SRZ187284	13.104251601630752	1.9801980198019802	21.782178217821784	51.368666278392546	11.764705882352942	1717.0
SRZ187285	13.811074918566776	0.7817589576547231	23.713355048859935	39.80456026058632	21.889250814332247	1535.0
SRZ187286	23.015873015873016	3.9682539682539684	12.698412698412698	38.095238095238095	22.22222222222222	126.0
SRZ187287	9.74025974025974	4.383116883116883	15.909090909090908	36.52597402597402	33.44155844155844	616.0
SRZ187288	15.193370165745856	4.972375690607735	17.12707182320442	44.47513812154696	18.23204419889503	362.0
SRZ187289	12.984822934232715	5.902192242833053	24.78920741989882	42.49578414839797	13.827993254637438	593.0
SRZ187290	15.021459227467812	5.150214592274678	24.463519313304722	44.20600858369099	11.158798283261802	233.0
SRZ187291	15.01028101439342	1.7135023989033584	21.31596984235778	50.58259081562714	11.3776559287183	1459.0
SRZ187292	12.666666666666666	2.1481481481481484	21.11111111111111	54.370370370370374	9.703703703703704	1350.0
SRZ187293	5.370101596516691	0.7256894049346879	15.09433962264151	41.65457184325109	37.15529753265602	689.0
SRZ187294	6.983883346124329	1.765157329240215	18.802762854950114	39.06369915579432	33.38449731389102	1303.0
SRZ187295	9.58904109589041	2.2831050228310503	17.123287671232877	33.789954337899545	37.21461187214612	876.0
SRZ187296	10.707803992740471	3.266787658802178	22.988505747126435	47.67090139140956	15.366001209921356	1653.0
SRZ187297	8.025177025963808	2.3603461841070024	23.210070810385524	47.91502753737215	18.489378442171517	1271.0
SRZ187298	7.912904938927244	2.389803505045141	23.79182156133829	52.84121083377589	13.064259160913435	1883.0
SRZ187299	12.896405919661733	3.171247357293869	15.221987315010571	33.61522198731501	35.095137420718814	473.0
SRZ187300	10.69182389937107	1.2578616352201257	13.836477987421384	33.490566037735846	40.723270440251575	636.0
SRZ187301	4.29553264604811	1.3745704467353952	11.683848797250858	18.900343642611684	63.74570446735395	582.0
SRZ187302	11.016433353621425	2.556299452221546	20.57212416311625	52.891052951917224	12.964090079123554	1643.0
SRZ187303	5.132192846034215	2.5660964230171075	20.37325038880249	61.74183514774494	10.186625194401245	1286.0
SRZ187304	5.744888023369036	1.6066212268743914	27.458617332035054	56.03700097370984	9.152872444011685	2054.0
SRZ187305	3.8773669972948603	0.9918845807033363	36.92515779981966	49.81965734896303	8.385933273219116	2218.0
SRZ187306	11.300568371782013	2.0060180541624875	23.33667669675694	56.46940822467402	6.88732865262454	2991.0
SRZ187307	11.009817671809257	2.3842917251051894	17.88218793828892	43.96914446002805	24.754558204768582	1426.0
SRZ187308	14.37962202136401	2.3007395234182417	17.33771569433032	41.9063270336894	24.075595727198028	1217.0
SRZ187309	8.89967637540453	1.5372168284789645	18.851132686084142	35.922330097087375	34.78964401294498	1236.0
SRZ187310	7.729138166894665	0.957592339261286	16.89466484268126	47.264021887824896	27.154582763337892	1462.0
SRZ187311	11.96632591701744	3.0667468430547205	20.32471437161756	47.68490679494889	16.957306073361394	1663.0
SRZ187312	6.678539626001781	1.9145146927871772	21.504897595725733	57.43544078361531	12.466607301869992	2246.0
SRZ187313	7.513330101793505	2.132816286960737	25.787687833252544	52.253999030538054	12.312166747455162	2063.0
SRZ187314	15.504479937670432	2.0646669263731985	14.60849240358395	42.73470977795092	25.087650954421505	2567.0
SRZ187315	29.43820224719101	2.4719101123595504	13.932584269662922	33.93258426966292	20.224719101123597	445.0
SRZ187316	17.017543859649123	1.5789473684210527	18.94736842105263	44.56140350877193	17.894736842105264	570.0
SRZ187317	13.143735588009223	1.767870868562644	16.948501152959263	58.30130668716372	9.83858570330515	2602.0
SRZ187318	9.972801450589301	1.1786038077969174	18.495013599274706	52.8558476881233	17.497733454215776	1103.0
SRZ187319	7.555555555555555	1.0555555555555556	19.333333333333332	63.44444444444444	8.61111111111111	1800.0
SRZ187320	5.289359054138146	0.7467330429371499	19.912881144990667	65.27691350342252	8.774113254511512	1607.0
SRZ187321	25.255474452554743	1.167883211678832	16.10705596107056	41.21654501216545	16.253041362530414	2055.0
SRZ187322	19.015280135823428	1.5280135823429541	17.487266553480474	44.38030560271647	17.589134125636672	2945.0
SRZ187323	20.733304233958968	1.3094718463553034	17.983413356612832	39.76429506765604	20.20951549541685	2291.0
SRZ187324	16.16213442791175	1.4366341713699333	27.19343252950231	43.355566957414055	11.85223191380195	1949.0
SRZ187325	14.476614699331849	4.23162583518931	15.144766146993318	28.953229398663698	37.193763919821826	449.0
SRZ187326	15.723270440251572	4.150943396226415	18.11320754716981	37.861635220125784	24.150943396226417	795.0
SRZ187327	9.285714285714286	5.238095238095238	22.38095238095238	45.0	18.095238095238095	840.0
SRZ187328	11.855203619909503	3.4389140271493215	21.990950226244344	46.87782805429864	15.83710407239819	1105.0
SRZ187329	16.541353383458645	1.8575851393188854	20.65457762052189	41.92835028748341	19.01813356921716	2261.0
SRZ187330	16.91708402893712	2.392877017250974	20.979410127991095	39.12075681691709	20.58987200890373	1797.0
SRZ187331	19.3756727664155	2.045209903121636	19.806243272335845	39.77395048439182	18.998923573735198	1858.0
SRZ187332	14.557988645579886	2.149229521492295	17.680454176804542	43.91727493917275	21.695052716950528	2466.0
SRZ187333	19.122257053291538	5.799373040752351	20.219435736677116	39.0282131661442	15.830721003134796	638.0
SRZ187334	12.273641851106639	3.9235412474849096	23.34004024144869	47.38430583501006	13.078470824949699	994.0
SRZ187335	12.541037426132633	1.4445173998686802	20.748522652659226	52.921864740643464	12.344057780695994	1523.0
SRZ187336	8.910162002945508	1.1782032400589102	19.734904270986746	53.46097201767305	16.71575846833579	1358.0
SRZ187337	14.984709480122325	2.2426095820591234	13.149847094801224	30.275229357798164	39.347604485219165	981.0
SRZ187338	14.621131270010672	1.8143009605122733	12.8068303094984	30.522945570971185	40.23479188900747	937.0
SRZ187339	14.298978644382544	1.1142061281337048	9.099350046425256	28.133704735376046	47.353760445682454	1077.0
SRZ187340	11.05424769703173	4.503582395087001	46.16171954964176	20.98259979529171	17.2978505629478	977.0
SRZ187341	7.21205597416577	0.5382131324004306	22.820236813778255	47.470398277717976	21.95909580193757	929.0
SRZ187342	5.918189730200174	1.1314186248912097	21.409921671018278	55.87467362924282	15.66579634464752	1149.0
SRZ187343	6.772334293948127	1.080691642651297	21.10951008645533	57.13256484149856	13.904899135446685	1388.0
SRZ187344	6.524317912218268	0.2372479240806643	20.047449584816132	56.70225385527877	16.488730723606167	843.0
SRZ187345	9.506337558372248	1.7011340893929285	20.547031354236157	61.97464976651101	6.270847231487658	2998.0
SRZ187346	8.985623003194888	1.6373801916932906	23.84185303514377	58.905750798722046	6.6293929712460065	2504.0
SRZ187347	11.389521640091116	1.1389521640091116	16.62870159453303	50.11389521640091	20.72892938496583	1317.0
SRZ187348	12.368972746331236	1.0482180293501049	20.754716981132077	50.524109014675055	15.30398322851153	954.0
SRZ187349	11.228070175438596	3.3333333333333335	24.385964912280702	44.03508771929825	17.017543859649123	570.0
SRZ187350	12.81307672027419	2.1882414974953863	23.27972581070393	55.49696809912998	6.22198787239652	3793.0
SRZ187351	12.4031007751938	1.2403100775193798	23.488372093023255	58.29457364341085	4.573643410852713	1290.0
SRZ187352	17.573696145124718	2.1541950113378685	22.22222222222222	55.21541950113379	2.834467120181406	882.0
SRZ187353	9.882964889466841	1.1703511053315996	14.369310793237972	42.13263979193758	32.444733420026004	1538.0
SRZ187354	14.334470989761092	4.436860068259386	18.77133105802048	47.098976109215016	15.358361774744028	293.0
SRZ187355	17.75043936731107	2.680140597539543	17.223198594024606	55.18453427065026	7.161687170474517	2276.0
SRZ187356	6.680584551148225	2.7139874739039667	19.41544885177453	61.48225469728601	9.707724425887266	958.0
SRZ187357	12.907683803206192	3.786622443338861	14.870093974571587	62.769485903814264	5.666113875069099	3618.0
SRZ187358	12.06343213139513	4.247687370209553	22.824240135925997	54.95563526524448	5.909005097224845	5297.0
SRZ187359	9.352517985611511	4.980630879911455	21.58273381294964	57.05589374654123	7.028223574986165	1807.0
SRZ187360	9.08362276248998	2.217472615549025	24.231899545818862	58.85653219342773	5.6104728827144	3743.0
SRZ187361	10.9375	1.3360507246376812	22.327898550724637	59.28442028985507	6.114130434782608	4416.0
SRZ187362	19.54397394136808	1.9543973941368078	16.992399565689468	42.34527687296417	19.163952225841477	1842.0
SRZ187363	14.625850340136054	2.6077097505668934	16.099773242630384	42.290249433106574	24.37641723356009	882.0
SRZ187364	7.297297297297297	6.621621621621622	22.83783783783784	44.86486486486486	18.37837837837838	740.0
SRZ187365	10.59245960502693	5.206463195691203	20.107719928186714	42.908438061041295	21.18491921005386	557.0
SRZ187366	9.77751756440281	0.702576112412178	16.27634660421546	71.37002341920375	1.873536299765808	1708.0
SRZ187367	16.17391304347826	1.0434782608695652	24.17391304347826	55.82608695652174	2.782608695652174	575.0
SRZ187368	13.955555555555556	1.6888888888888889	18.57777777777778	56.53333333333333	9.244444444444444	1125.0
SRZ187369	33.333333333333336	2.4330900243309004	13.86861313868613	23.600973236009732	26.7639902676399	411.0
SRZ187370	10.121457489878543	4.291497975708502	23.238866396761132	46.88259109311741	15.465587044534413	1235.0
SRZ187371	9.042553191489361	1.1121856866537718	18.32688588007737	57.398452611218566	14.119922630560929	2068.0
SRZ187372	8.048289738430583	1.341381623071764	24.346076458752513	51.57612340710932	14.688128772635816	1491.0
SRZ187373	11.764705882352942	1.0180995475113122	21.88914027149321	56.39140271493213	8.936651583710407	1768.0
SRZ187374	16.284584980237153	3.0039525691699605	19.92094861660079	45.13833992094862	15.652173913043478	1265.0
SRZ187375	11.490683229813664	1.3043478260869565	18.695652173913043	50.993788819875775	17.51552795031056	1610.0
SRZ187376	6.290322580645161	4.193548387096774	14.35483870967742	38.46774193548387	36.693548387096776	1240.0
SRZ187377	27.3224043715847	7.377049180327869	11.202185792349727	27.868852459016395	26.229508196721312	366.0
SRZ187378	15.728604471858134	2.235929067077872	19.198149575944488	47.417116422513494	15.420200462606013	1297.0
SRZ187379	8.700834326579262	3.2181168057210967	6.793802145411203	22.050059594755663	59.23718712753278	839.0
SRZ187380	9.001956947162427	2.299412915851272	27.348336594911938	48.483365949119374	12.86692759295499	2044.0
SRZ187381	14.325842696629213	1.6853932584269662	26.96629213483146	48.22097378277154	8.801498127340825	1068.0
SRZ187382	10.830090791180286	4.539559014267185	15.49935149156939	34.37094682230869	34.760051880674446	1542.0
SRZ187383	8.78010878010878	1.4763014763014763	23.698523698523697	43.12354312354312	22.92152292152292	1287.0
SRZ187384	13.586606567933034	1.03026400515132	22.343850611719255	54.86155827430779	8.177720540888602	1553.0
SRZ187385	12.348922753547031	1.5239096163951655	23.857067787703627	59.117183394640044	3.1529164477141354	1903.0
SRZ187386	14.799253034547153	2.5210084033613445	21.475256769374415	53.92156862745098	7.282913165266106	2142.0
SRZ187387	6.859903381642512	0.7729468599033816	13.526570048309178	40.869565217391305	37.971014492753625	1035.0
SRZ187388	10.72	1.28	9.76	28.48	49.76	625.0
SRZ187389	11.389521640091116	0.8352315869400152	23.99392558845862	58.086560364464695	5.694760820045558	1317.0
SRZ187390	15.011727912431587	3.4401876465989054	18.53010164190774	51.44644253322909	11.571540265832681	1279.0
SRZ187391	4.506065857885615	2.7729636048526864	5.37261698440208	15.59792027729636	71.75043327556325	577.0
SRZ187392	17.564655172413794	3.663793103448276	19.073275862068964	55.172413793103445	4.525862068965517	928.0
SRZ187393	14.13828689370485	1.6511867905056758	21.25902992776058	51.59958720330237	11.351909184726523	969.0
SRZ187394	29.6875	15.625	14.0625	32.8125	7.8125	64.0
SRZ187395	20.941176470588236	3.0588235294117645	16.0	36.23529411764706	23.764705882352942	425.0
SRZ187396	18.313953488372093	4.263565891472868	7.848837209302325	17.248062015503876	52.325581395348834	1032.0
SRZ187397	5.796344647519582	1.4621409921671018	23.39425587467363	57.75456919060052	11.592689295039165	1915.0
SRZ187398	10.965323336457358	0.7497656982193065	20.431115276476103	58.20056232427366	9.653233364573572	1067.0
SRZ187399	18.220042046250875	3.2235459004905396	17.51927119831815	39.24316748423266	21.79397337070778	1427.0
SRZ187400	11.917098445595855	2.5906735751295336	13.73056994818653	52.590673575129536	19.17098445595855	386.0
SRZ187401	4.66284074605452	0.7890961262553802	21.37733142037303	68.36441893830703	4.806312769010043	1394.0
SRZ187402	7.5	1.5865384615384615	22.01923076923077	61.15384615384615	7.740384615384615	2080.0
SRZ187403	31.746031746031747	4.6768707482993195	9.807256235827664	34.83560090702948	18.934240362811792	3528.0
SRZ187404	15.83815028901734	3.1907514450867054	16.161849710982658	52.27745664739884	12.531791907514451	4325.0
SRZ187405	3.4348165495706477	0.624512099921936	23.45823575331772	61.82669789227166	10.655737704918034	2562.0
SRZ187406	39.57462969996202	1.974933535890619	12.875047474363843	36.232434485377894	9.34295480440562	2633.0
SRZ187407	33.09037900874635	3.498542274052478	15.01457725947522	29.154518950437318	19.24198250728863	686.0
SRZ187408	20.586438607208308	0.7941356139279169	19.853390348197923	43.555284056200364	15.210751374465486	1637.0
SRZ187409	9.54972785749629	3.463631865413162	16.5264720435428	29.935675408213754	40.52449282533399	2021.0
SRZ187410	5.642023346303502	1.297016861219196	20.881971465629054	58.106355382619974	14.072632944228275	1542.0
SRZ187411	11.652035115722267	2.3942537909018355	18.515562649640863	52.59377494014365	14.844373503591381	1253.0
SRZ187412	4.961832061068702	1.9083969465648856	14.933206106870228	41.88931297709924	36.30725190839695	2096.0
SRZ187413	12.429378531073446	7.1563088512241055	13.935969868173258	30.696798493408664	35.781544256120526	531.0
SRZ187414	8.571428571428571	1.1688311688311688	22.207792207792206	57.27272727272727	10.779220779220779	770.0
SRZ187415	9.680065627563577	1.066447908121411	18.457752255947497	53.97867104183757	16.81706316652994	1219.0
SRZ187416	8.868501529051988	1.2232415902140672	22.93577981651376	38.837920489296636	28.134556574923547	327.0
SRZ187417	11.884057971014492	3.4782608695652173	15.072463768115941	52.7536231884058	16.81159420289855	345.0
SRZ187418	5.6759545923632615	0.6191950464396285	25.28379772961816	62.43550051599587	5.985552115583076	969.0
SRZ187419	6.693440428380187	1.606425702811245	18.340026773761714	52.07496653279786	21.285140562248998	747.0
SRZ187420	32.214765100671144	4.1610738255033555	13.557046979865772	33.288590604026844	16.778523489932887	745.0
SRZ187421	8.723653395784543	0.9953161592505855	19.379391100702577	59.01639344262295	11.885245901639344	1708.0
SRZ187422	14.07379231647014	1.5214910612400152	16.736401673640167	43.02015975656143	24.648155192088247	2629.0
SRZ187423	4.943820224719101	1.348314606741573	22.02247191011236	48.53932584269663	23.146067415730336	445.0
SRZ187424	10.867293625914316	2.089864158829676	9.090909090909092	22.988505747126435	54.96342737722048	957.0
SRZ187425	11.402359108781127	1.1795543905635648	9.698558322411534	23.853211009174313	53.86631716906946	763.0
SRZ187426	15.562913907284768	3.80794701986755	21.026490066225165	42.21854304635762	17.3841059602649	604.0
SRZ187427	11.30841121495327	2.4299065420560746	21.962616822429908	48.97196261682243	15.327102803738319	1070.0
SRZ187428	6.570155902004454	1.0579064587973275	21.603563474387528	59.4097995545657	11.35857461024499	1796.0
SRZ187429	8.576233183856502	1.9618834080717489	18.83408071748879	42.993273542600896	27.634529147982065	1784.0
SRZ187430	37.69875686614628	2.717548424400116	15.03324660306447	32.552760913558835	11.997687192830298	3459.0
SRZ187431	6.193806193806194	0.8191808191808192	14.185814185814186	70.16983016983016	8.631368631368632	5005.0
SRZ187432	4.664723032069971	1.1661807580174928	14.480077745383868	70.6511175898931	9.037900874635568	2058.0
SRZ187433	3.742613263296126	1.1162179908076166	15.036112934996718	74.06434668417597	6.040709126723572	1523.0
SRZ187434	5.607205113306217	1.1911679256246368	17.751307379430564	66.18245206275421	9.267867518884369	3442.0
SRZ187435	10.999306037473977	1.5267175572519085	18.077723802914644	41.013185287994446	28.383067314365025	2882.0
SRZ187436	8.786610878661088	1.7782426778242677	15.167364016736402	41.84100418410042	32.42677824267783	956.0
SRZ187437	11.625148279952551	2.491103202846975	13.404507710557533	29.062870699881376	43.41637010676157	843.0
SRZ187438	8.437365475678003	1.2914334911752046	16.4012053379251	44.98493327593629	28.885062419285408	2323.0
SRZ187439	7.0359281437125745	1.1976047904191616	18.7125748502994	30.763473053892216	42.290419161676645	1336.0
SRZ187440	10.95890410958904	5.47945205479452	19.302615193026153	43.212951432129515	21.046077210460773	803.0
SRZ187441	5.40708514605345	1.1187072715972655	16.46985705407085	63.76631448104413	13.238036047234306	1609.0
SRZ187442	6.863780359028511	0.9503695881731784	9.186906019007392	25.131995776135163	57.86694825765576	947.0
SRZ187443	9.565217391304348	2.2073578595317724	15.183946488294314	44.48160535117057	28.561872909698998	1495.0
SRZ187444	9.027777777777779	1.3888888888888888	16.23263888888889	46.354166666666664	26.99652777777778	1152.0
SRZ187445	7.459207459207459	0.6993006993006993	16.55011655011655	49.53379953379953	25.757575757575758	858.0
SRZ187446	9.88446726572529	1.668806161745828	16.174582798459564	45.186136071887034	27.086007702182286	779.0
