	Eukaryote	EukaryoteVirus	Plasmid	Prokaryote	ProkaryoteVirus	TotalCnt
SRZ187075	8.060528045803842	4.946931139025374	9.919900807883591	31.108222602163025	45.964417405124166	6674724
SRZ187076	16.10505413360012	8.95790844782464	17.82316631159036	39.00573788985451	18.108133217130373	6329156
SRZ187077	13.47471745110564	2.6330877476319943	28.361671144436706	51.42433439885765	4.106189257968008	13084638
SRZ187078	6.970080873271981	3.6937463556323364	13.398893923096146	28.83417900771791	47.10309984028162	27611100
SRZ187079	18.001978963001438	4.166064625396204	22.497261093258174	50.10470945640703	5.229985861937152	1093502
SRZ187080	18.728464967385506	6.991033165241038	17.23559885031754	43.362649088687334	13.682253928368587	581030
SRZ187081	17.673195891017674	14.725758290114726	20.435614990070437	33.02996966363303	14.135461165164136	839916
SRZ187082	11.431062525246881	3.8222977892796677	30.178783107805195	45.332627522608625	9.235229055059635	4688698
SRZ187083	17.233176676549935	4.26848194459122	20.129765254097038	47.43922321630932	10.929352908452488	3009126
SRZ187084	20.762239063762983	8.565029396770536	20.573333680993564	36.68873410016391	13.410663758309004	2224394
SRZ187085	14.057362033950437	3.867657930538154	23.889891510782835	52.806964377522576	5.378124147206002	3979566
SRZ187086	14.265585609677045	4.746027487913425	20.053601515804154	43.949350206442844	16.98543518016253	2363366
SRZ187087	20.874817510956234	9.983416663394094	22.460396691049063	31.76821635088053	14.913152783720083	2902914
SRZ187088	15.979967173098775	4.447156638562724	23.905559530322797	44.97799849426465	10.689318163751057	2138490
SRZ187089	16.08255274303314	4.820390448445797	18.097889762913155	41.590642028179474	19.40852501742843	2326658
SRZ187090	14.849263000252314	3.498680101685075	24.476856335918868	43.413870191459864	13.761330370683877	2948712
SRZ187091	15.662720691438281	3.733378887493536	23.051820935214597	49.18972076530989	8.362358720543694	2165920
SRZ187092	10.8145846553972	4.102310735288706	11.883016725757578	27.92299259123774	45.277095292318776	1793282
SRZ187093	28.297468464147652	31.698515518008517	10.445691304021219	18.305962775270576	11.252361938552038	1384456
SRZ187094	12.045058978772072	3.7829077178489885	27.305115278264324	49.18112346979891	7.685794555315705	2888836
SRZ187095	3.5622292587898605	3.0003191617567406	10.012210254759946	21.57685772669424	61.84838359799922	3020412
SRZ187096	20.162418687644106	12.396562442335632	19.024627947264985	30.385695116511133	18.030695806244143	1116374
SRZ187097	13.771940192339597	4.523417871816252	25.073870419627358	47.72923685486048	8.90153466135631	1844446
SRZ187098	3.7823282727398784	2.52198940910607	8.81019214265102	24.32214156419933	60.5633486113037	1067332
SRZ187099	20.264167300306568	11.460003196450971	22.04061914286683	28.785251768945027	17.449958591430605	1651832
SRZ187100	12.950112257791423	5.017743973482832	26.545082771224035	42.57723919663782	12.90982180086389	2844346
SRZ187101	13.118338897796315	3.6188538145617373	18.351554415800603	40.15826707148073	24.752985800360616	4045314
SRZ187102	15.252172073319054	9.128332970458235	24.57718521238268	32.94437600501943	18.0979337388206	3573314
SRZ187103	13.640772220795508	5.2333259365824185	23.656222288155806	44.2179431879664	13.251736366499866	2406462
SRZ187104	17.359716423788893	3.8849940921622688	17.737439936983066	39.96937376920047	21.048475777865303	3173750
SRZ187105	19.696742157577354	12.937357073350597	19.642043907555074	27.835182451629287	19.888674409887685	1638078
SRZ187106	14.057698449309818	5.0425058423355145	24.29539659446334	39.85724931184638	16.747149802044945	1972670
SRZ187107	16.314952559667805	3.864333461448607	19.62643093456324	45.074043091949086	15.120239952371263	2653860
SRZ187108	17.987077307032045	9.557565707477407	24.186817564025542	32.060031956749114	16.208507464715893	3971618
SRZ187109	16.43326503214866	4.679270422222446	24.129361770851208	44.149549313118875	10.60855346165881	990710
SRZ187110	18.052827734980845	4.841941223351561	26.360258095883243	39.816018487088535	10.928954458695815	4047798
SRZ187111	18.350939267841234	9.720795139197904	24.29106560626532	31.92054361300565	15.716656373689894	4449636
SRZ187112	14.965717256465004	3.572958321208217	27.79289103090188	48.10750100543096	5.560932385993938	1223356
SRZ187113	15.508064603467767	3.82732309814732	25.064875883999004	49.09482000951374	6.504916404872168	2400738
SRZ187114	20.505149805965804	6.438031941808329	19.44307331993647	39.86550817545896	13.748236756830437	1936772
SRZ187115	18.446697857766633	12.188678508876778	23.016933937640566	39.074902548140486	7.272787147575534	1639784
SRZ187116	9.243052795117492	3.9002402859738505	22.979246342721876	44.17358253041755	19.703878045769233	2802494
SRZ187117	21.87297117023642	6.422293040835989	23.270337705971	31.683687838138294	16.7507102448183	2023950
SRZ187118	16.583637577733416	4.507276634147429	25.367587086658897	46.78298954009513	6.758509161365128	1704222
SRZ187119	16.13233917286329	4.12735636736825	23.542968257683512	41.741011144919966	14.456325057164976	1777312
SRZ187120	29.524846443024714	6.904414634647384	9.952957127303355	39.3833069701514	14.234474824873148	486790
SRZ187121	14.13598875657773	7.430609272918097	17.201419227849986	45.03215778559782	16.199824957056375	1101444
SRZ187122	11.520367825961372	4.112787965790165	16.41682207145174	23.89740206341778	44.05262007337895	2534242
SRZ187123	15.497050089429317	7.476537551064354	27.59516953626239	39.424503016312606	10.00673980693133	4216738
SRZ187124	14.867156260617307	2.909494812220683	32.39061234090374	46.43415309829339	3.3985834879648746	3826300
SRZ187125	9.722533259557192	4.265602379211666	20.972797689143814	40.79850499952799	24.24056167255934	2902474
SRZ187126	15.117173423120573	18.74398265930153	17.577178837606652	39.16591814085911	9.395746939112131	1115526
SRZ187127	18.299778315464298	2.2891395918977104	25.88026900924886	48.54491179303041	4.985901290358724	749714
SRZ187128	3.8906018992123363	3.383084936795341	14.473993370469309	20.597814496043608	57.6545052974794	553282
SRZ187129	6.318886205947978	4.423388452486475	13.720084359812942	26.016291224745544	49.52134975700706	1308680
SRZ187130	15.82570659126344	10.041104566356692	23.58040329482434	32.47171033391405	18.081075213641476	2229436
SRZ187131	12.531329537225606	4.599302256503245	22.638126615012162	34.82912661695357	25.402114974305412	2060356
SRZ187132	17.322834645669293	12.503084550328644	15.697276622473472	34.78783902012248	19.688965161406106	713232
SRZ187133	15.032269589633422	6.576827884834133	21.338084833827264	44.404390557461554	12.648427134243631	1309902
SRZ187134	13.589026026035686	5.941984231908672	22.251440261707856	30.920126993930154	27.297422486417634	2072540
SRZ187135	17.652212076118136	10.496761065898365	24.29909398129559	26.68022624576511	20.8717066309228	2356022
SRZ187136	16.75513939948659	5.147582519828702	20.777479080227064	33.24675482117041	24.073044179287226	2639608
SRZ187137	8.056653884512485	4.485038303841831	13.967537631043465	23.053177252230586	50.437592928371636	1642394
SRZ187138	18.905800419751248	9.961348394371951	24.043525542122882	31.0752379413604	16.01408770239352	2389034
SRZ187139	13.418316443309527	4.516768853207108	25.1533396972851	42.42200665699697	14.489568349201292	1669822
SRZ187140	13.14630210397669	2.9727794913771244	31.807070393241023	42.59093955024306	9.482908461162104	8825478
SRZ187141	21.8408994843182	9.623467748753065	13.657282948685435	34.67545861864908	20.202891199594216	591450
SRZ187142	15.945143463292434	4.389375334447765	25.747055675785745	46.01432975484091	7.904095771633147	2111690
SRZ187143	14.83720918687745	5.331005090858546	32.678049737017815	34.479210879693404	12.674525105552783	1611516
SRZ187144	24.525172668287777	10.574980796039716	17.814413597240655	23.921356644737614	23.16407629369424	1195066
SRZ187145	10.952564446340594	2.2711742296671784	26.600245042165277	57.629804404341336	2.546211877485614	7167746
SRZ187146	28.664280364573152	5.620981522623278	21.608645055429328	33.92101101860629	10.18508203876795	2854626
SRZ187147	17.145173008584944	10.600081055300473	23.75834647187035	35.43315161789345	13.063247846350782	1618648
SRZ187148	16.462511291779585	4.30299424945469	25.859475180117656	47.006323396567296	6.368695882080772	2269350
SRZ187149	21.68122988685429	7.207850662756788	23.002431096473025	34.87680108671629	13.231687267199604	742052
SRZ187150	19.506236337919507	13.894422409273895	21.95101927775195	25.012710062215014	19.635611912839636	2022020
SRZ187151	15.95615777907891	4.769384920294666	27.906935723717574	39.15088769718098	12.216633879727873	4081910
SRZ187152	16.91483064113208	5.140609834145873	27.398300177592006	37.554568215001765	12.991691132128269	4331276
SRZ187153	19.493757843979125	9.760644692516019	21.013963934209656	25.658762137525596	24.072871391769603	3784750
SRZ187154	14.808280693782358	6.5485268696966585	22.523256494142323	42.77321346973413	13.34672247264453	2359126
SRZ187155	15.180742264497223	4.344662010995074	23.453153575247132	44.16340686485153	12.858035284409045	4328484
SRZ187156	18.827119113059776	5.8191902234608985	22.522168513507925	41.9914506630229	10.840071486948498	5608856
SRZ187157	13.315750742906577	4.266446462978255	29.233724868973187	45.60249863777055	7.581579287371431	3560340
SRZ187158	16.819147680321095	3.7039223144759683	31.490991050074985	35.14583524617759	12.840103708950362	1829736
SRZ187159	18.26941063235689	9.301640098811788	26.06155217037891	25.908278264694513	20.4591188337579	1764162
SRZ187160	17.03896330936824	6.758375035510587	29.790869954764975	40.95255785494198	5.459233845414217	915220
SRZ187161	15.002372645363568	5.941839460064499	22.143027696982458	49.243020342285575	7.669739855303895	3970252
SRZ187162	13.996705219001036	10.043477522460556	28.97556087702315	36.45802550907763	10.526230872437628	2355240
SRZ187163	13.876645017675441	10.595621296536372	29.95355058211966	38.45926427157574	7.114918832092785	1265032
SRZ187164	21.175550698908538	8.038249299809651	21.62493297186207	35.46167699594306	13.699590033476683	1872348
SRZ187165	15.76860555841489	10.59629942951346	26.044396591673223	30.588766561955865	17.001931858442564	3042666
SRZ187166	16.12565922361798	1.4975737178445172	25.296306086130542	55.618472255007696	1.461988717399263	5659688
SRZ187167	9.215447663701928	2.472945369203355	17.665951686424492	28.30222444925643	42.3434308314138	7823060
SRZ187168	14.515499682521664	8.540403700011943	26.666761259839166	34.60862666084919	15.668708696778038	3382908
SRZ187169	13.025332562876413	2.369913353929406	25.613172993361633	57.37665485198279	1.614926237849758	6593490
SRZ187170	13.93217428264886	5.464414378901256	25.297532332646632	30.82201876373259	24.483860242070662	2333864
SRZ187171	14.137423587581806	10.550078403213668	27.654629065886912	32.31613923100235	15.341729712315265	2197614
SRZ187172	14.058538823153256	8.030240193136876	23.553060510505986	43.68558725333692	10.672573219866964	4316110
SRZ187173	13.980258760848367	3.727465773228695	26.762092115637483	42.539454304736	12.990729045549461	4862714
SRZ187174	21.931662514750993	10.499621291729955	22.504877215268724	29.839300778200375	15.22453820004995	3435362
SRZ187175	17.187025046737883	2.7558961256727574	27.96624143966591	49.43467523875559	2.656162149167857	2013356
SRZ187176	6.851159084737526	3.2030256256342096	14.956712972887994	22.828413297317383	52.16068901942289	4478016
SRZ187177	17.54978062774215	8.797750440018813	24.23868443063226	32.10449857935128	17.30928592225549	2589662
SRZ187178	21.301827696599766	3.864848356199396	24.433691305986475	44.81744694308105	5.582185698133315	1846696
SRZ187179	7.650363074422236	3.90496611661872	23.401991294769374	38.45942015036307	26.583259363826595	4488336
SRZ187180	16.296014672445306	13.154650079808501	24.3265659829933	29.650955949742414	16.571813315010477	1883258
SRZ187181	15.707033783992504	4.672302480513196	25.561848080150746	40.94463379222999	13.114181863113565	1942340
SRZ187182	12.356311476512776	3.680665258285453	18.46812976842445	37.22130871805913	28.273584778718195	3715850
SRZ187183	16.31962262513708	9.602233369788168	25.419093456531723	32.03347660931139	16.625573939231636	2673628
SRZ187184	13.41082678878542	2.250187644488465	22.316330393901012	60.53196936369633	1.4906858091287774	4527178
SRZ187185	12.479375680737336	9.566269217911435	22.417242110636217	34.35679083794947	21.180322152765545	2225528
SRZ187186	13.186195237669994	10.280273845911719	27.759480318761877	32.73586849171663	16.038182105939782	2262002
SRZ187187	12.725783163382273	4.388448691562831	24.743299931396695	48.72876260574901	9.413705607909192	2311842
SRZ187188	18.30823010040339	8.063534416861586	19.5128989868047	32.75114446120856	21.364192034721764	3492910
SRZ187189	19.39080126597307	11.301665466937203	22.129821067391994	32.258140422896616	14.919571776801119	1869866
SRZ187190	15.376713168229388	3.8578643251727187	25.201613652013016	49.42087838706107	6.142930467523805	2692526
SRZ187191	7.1751419698462096	3.4242883876123478	20.27153564745255	33.30736251309859	35.82167148199031	4197018
SRZ187192	23.030857635010562	13.890982249794776	17.25463941110767	23.36190770969869	22.461612994388297	594472
SRZ187193	12.709415757249603	2.089218302999421	25.349178545190476	58.230464990510775	1.6217224040497242	3775862
SRZ187194	14.950528422157465	5.771726747931751	24.995626703985458	43.0724004488495	11.209717677075822	2343770
SRZ187195	14.465159559184324	7.754081258260873	25.16256514762374	41.88812069826759	10.73007333666347	9048680
SRZ187196	11.364761099704655	2.27627940528193	28.788587661081905	55.583566873163406	1.9868049607681044	4291916
SRZ187197	8.842853325249882	3.7743101811597093	27.774032977289224	51.05686468462576	8.551938831675429	4011488
SRZ187198	11.882444332652419	9.284105460532333	26.033091710113112	37.290961614683376	15.50939688201876	6297408
SRZ187199	14.164581893796052	2.188837155237548	25.807107385714193	55.10436349311928	2.735110072132926	7742650
SRZ187200	14.077419543179932	3.858229597211106	26.344369056510136	37.525635006167	18.19434679693183	8221180
SRZ187201	12.62612024520175	10.044914727706175	25.211960473579868	39.34728125852472	12.769723294987488	4384308
SRZ187202	17.653453722339712	5.097846431740455	21.38880020261288	44.245677676474656	11.614221966832295	6696514
SRZ187203	16.967375457566902	4.795515442529478	21.143832423805325	45.00654538700531	12.086731289092986	6719236
SRZ187204	14.712253032304885	10.005913652365876	22.491060274936363	41.89746530057142	10.893307739821454	2888232
SRZ187206	11.03874211590014	3.014409610537768	39.07943965258023	43.7042922670671	3.1631163539147598	1097462
SRZ187207	6.970835409501355	3.108441294070464	26.74804485738245	53.892890998140565	9.279787440905169	5266112
SRZ187208	5.472389346878352	2.4158302888728933	25.719126454889924	55.76930912251633	10.623344786842498	5890480
SRZ187209	10.307120131270963	4.290731544880564	21.248916604652717	54.63874919022668	9.514482528969072	4732806
SRZ187210	11.71056594932896	3.8321228956792397	27.503151600343607	46.548645675122465	10.405513879525728	3764754
SRZ187211	11.48181406522223	5.674518201284797	25.72586401418342	47.053755765850816	10.064047953458743	1042344
SRZ187212	36.14451447343982	4.379806580193328	17.91098860151805	35.45368875295844	6.1110015918903615	3510292
SRZ187213	17.3031120559445	5.908441166504822	22.044544591514875	42.059184679473944	12.684717506561862	4049156
SRZ187214	22.173346782058832	4.485848027239692	19.571463188283857	41.83325835220989	11.936083650207731	4316642
SRZ187215	17.018966143053174	3.903786395826202	22.28514309350482	47.50845015450425	9.283654213111546	6000482
SRZ187216	14.819723450567341	5.0930934847953715	22.793433435858258	48.27986392640566	9.013885702373369	3434612
SRZ187217	18.319103295304835	5.925723925899746	23.63113253640336	41.72035448612489	10.403685756267167	3344334
SRZ187218	10.468546479494945	3.0423177206580716	23.373394287423995	55.72778990323592	7.38795160918707	4331566
SRZ187219	11.682123939754414	3.7706769685016486	20.320001394932522	54.59630265385912	9.630895042952297	4129232
SRZ187220	16.796316468047497	11.10695162593825	21.951585394530923	36.979114579250805	13.166031932232526	1479884
SRZ187221	16.545496106139062	8.509030646098362	25.295174660219757	37.82696209001756	11.823336497525263	1259932
SRZ187222	16.37976819373432	9.52715824995895	24.27839400270648	37.899361881628195	11.915317671972051	1766130
SRZ187223	18.712225050584166	12.394099601853664	20.176228705698062	34.337836955812286	14.379609686051824	612840
SRZ187224	13.00050588682589	6.748247463496024	22.53961470905223	48.45523844237132	9.256393498254534	2546024
SRZ187225	11.231936080876222	6.212948985120495	23.62189858265118	49.372477873508736	9.560738477843364	2521186
SRZ187226	11.89156157064077	5.206433693378292	24.06100415890763	49.369616416355505	9.471384160717804	3115722
SRZ187227	12.093368152948383	7.393794800700691	28.046398797922155	38.37856268458841	14.087875563840358	2047122
SRZ187228	11.324003163641274	7.136711742124655	14.17619938656224	56.54121414379135	10.821871563880476	2073560
SRZ187229	7.393825589455497	2.7097882202013306	14.351366171099869	70.42350786802818	5.121512151215121	3866280
SRZ187230	13.117376599259428	2.744828237704052	24.70621978762307	52.454714839909364	6.976860535504088	6436104
SRZ187231	20.203153010561383	12.24461985621351	17.949358174619164	38.28548067921935	11.317388279386597	2362948
SRZ187232	16.05017909474381	5.313011852109786	21.296554926076187	45.868170068819644	11.472084058250571	4790202
SRZ187233	16.71245180697369	7.7587594797271535	22.398593399144175	42.861161716730926	10.269033597424055	2360300
SRZ187234	11.056317644725702	5.102518604537124	18.80532595964869	60.20675131302532	4.829086478063158	4608822
SRZ187235	10.545504676663343	5.515493435703832	19.41292498250228	59.50926848925746	5.016808415873083	3771920
SRZ187236	14.933034336618183	6.858653515513638	11.078945125481633	14.074104552842183	53.05526246954436	1360996
SRZ187237	13.7754640313487	11.721825536882687	24.230988515733173	24.41221187522059	25.85951004081485	883992
SRZ187238	7.848290330304309	8.30625453688607	29.425055392766065	37.25814359173156	17.162256148311993	1052484
SRZ187239	18.164771072978432	5.695504184786879	22.601719667805103	32.40026758604116	21.137737488388428	3462064
SRZ187240	15.533732810823857	4.840173998984729	25.901984693256846	30.441143777420155	23.282964719514414	5046926
SRZ187241	13.723916532905298	10.643132651349992	18.654560264488154	25.089360580723987	31.88902997053257	1669640
SRZ187242	15.362544816676563	7.713529839256765	18.559581061337468	28.229255903412035	30.13508837931717	1323726
SRZ187243	7.690801061700661	3.2046422047622047	22.571345944208762	50.237907936594056	16.29530285273432	4350002
SRZ187244	12.569464037346751	3.5707106717493535	16.80563229963935	30.60226052766077	36.451932463603775	4437548
SRZ187245	10.6507907156122	4.112951561248711	17.406572232171573	25.814046021886334	42.01563946908118	5559268
SRZ187246	5.753740006227166	4.321273795579759	12.194190769316643	46.869911537612865	30.860883891263565	9172712
SRZ187247	10.906938917772807	8.211246333033198	18.06224403845595	27.164018705161347	35.655552005576695	1377160
SRZ187248	8.234540516663511	7.96325466817639	13.06196414049952	20.736787837440424	50.00345283722016	3359556
SRZ187249	6.909006216959086	5.968628877495832	13.144333455187413	24.026082775535784	49.951948674821885	3331854
SRZ187250	8.164403286371721	4.443824877419841	14.14530336824868	19.997388407351988	53.249080060607774	1700112
SRZ187251	18.47673466771926	4.60551038659516	22.38394279871475	34.763414016004475	19.770398130966356	5492464
SRZ187252	19.844316654050818	3.7601256312632043	22.71801882209393	32.908386338729905	20.769152553862146	885130
SRZ187253	17.214643883347104	11.018552243540787	17.467124630711005	18.444541050314687	35.855138192086415	1531998
SRZ187254	19.989108224640617	11.148917273515583	18.08124724330066	22.76306037884175	28.01766687970139	1333116
SRZ187255	13.917875646403337	9.925760261474931	26.161735526831944	29.713149109399847	20.28147945588994	2457444
SRZ187256	14.81056871267864	11.369409428118443	25.43327342068268	28.34581541588496	20.040933022635276	1981774
SRZ187257	15.19034240704737	10.811694242287318	27.03108441593497	28.259729733527287	18.70714920120306	2704442
SRZ187258	14.842728487161024	4.84954313517608	25.979396317513647	42.72043582830179	11.607896231847466	3105076
SRZ187259	12.703233647374256	4.686724465040333	29.433102789258594	40.520092588726996	12.656846509599818	1724616
SRZ187260	15.334158204463034	11.407654601661255	22.83903057400024	35.65625646407351	14.762900155801963	4215608
SRZ187261	8.19636843093826	3.2596809917263156	13.67305836211177	26.171640361594783	48.69925185362887	4301832
SRZ187262	12.296908365054312	8.77671525392257	23.411629994120013	36.32853650233652	19.186209884566583	3231300
SRZ187263	9.310636768969385	7.960679164174237	27.07120164764775	33.41799633445517	22.239486084753462	3139506
SRZ187264	9.879898228111292	5.399978610991131	25.360815169947283	38.72745345610735	20.631854534842944	2412454
SRZ187265	14.484149176398038	3.029295381238985	35.61817758605575	34.936502994229194	11.931874862078034	661606
SRZ187266	8.876838315040562	5.77588824779836	46.186282590776976	27.486876925079173	11.674113921304933	461020
SRZ187267	17.74756593121881	18.33392423705239	13.210788992827338	14.67532113344424	36.03239970545722	146668
SRZ187268	16.101081887115708	11.050794758716965	17.10714172403947	19.243630825851074	36.497350804276785	630380
SRZ187269	15.990734218299982	7.964827225144228	20.85940953252004	28.650232663600153	26.534796360435596	3140156
SRZ187270	17.25587262254184	6.707730086076441	24.923169359548737	22.843750641421558	28.269477290411423	2143676
SRZ187271	13.144856625171471	6.568247005230302	29.289471174653944	28.933033061670617	22.06439213327367	2726420
SRZ187272	14.151950429435669	4.405027950699619	30.17463197620077	28.007622865594747	23.260766778069193	3464314
SRZ187273	10.860528614654855	6.374520486666469	19.982528623095135	31.178558315995595	31.603863959587947	2369590
SRZ187274	7.617807683548818	3.8560970963616077	11.40759073780459	13.413483091351532	63.70502139093345	1396386
SRZ187275	5.851196785179524	2.8680664210366933	13.556695579862188	39.27411776298871	38.449923450932886	3328584
SRZ187276	14.904675635046063	8.074111192486091	20.786287887548344	27.243829420909943	28.99109586400956	3891450
SRZ187277	11.178911783923295	6.393667953589302	22.691598437359154	38.89399006619987	20.841831758928375	3927198
SRZ187278	10.242270837099982	5.643005498939459	22.49732108602952	39.0373989619484	22.580003615982644	4535420
SRZ187279	11.442413163760538	3.0948708672112524	24.75412002231889	40.185602237890066	20.52299370881925	3466122
SRZ187280	8.823928611823815	2.568831369840996	27.8731181131424	48.38275301667431	12.351368888518481	3359660
SRZ187281	6.163639632629482	3.306084132093045	36.13724519270446	42.612725332767425	11.780305709805585	2714208
SRZ187282	5.356746486902461	2.830458351137982	28.01289692143367	57.154763383147234	6.645134857378654	6136038
SRZ187283	16.6547378977938	5.17630382289043	26.91681791584861	38.80953633752351	12.442604025943647	3154838
SRZ187284	15.69368117339967	3.967299564671092	27.351791448261856	38.88261349646533	14.10461431720205	3781968
SRZ187285	11.825626929109108	3.3887445366292464	24.341736975691973	31.638024726037248	28.80586683253243	2990370
SRZ187286	25.120666302485166	8.735117822693496	14.436179686155366	31.116191359918584	20.59184482874739	534532
SRZ187287	13.932321060699719	9.545871977099173	16.707817081775666	26.550704836286748	33.2632850441387	1692166
SRZ187288	20.217837801750715	10.044415820043277	19.13512855454192	24.162638087645647	26.43997973601844	1018556
SRZ187289	19.00921387374914	12.06215881983544	22.620928074345397	24.581903600462088	21.725795631607937	1866316
SRZ187290	14.974652763467008	16.75885092527717	25.9127065902815	28.121831595433378	14.231958125540947	485260
SRZ187291	16.749383368148855	3.6372056323454927	25.015223200548252	44.997133307494764	9.601054491462639	4608098
SRZ187292	13.654953653702444	4.004006619033641	23.964435412517453	49.18386105254184	9.192743262204617	2909186
SRZ187293	6.67583867774606	2.5595662745832937	14.065925298515563	30.487412296122987	46.2112574530321	2155834
SRZ187294	6.5572453800068775	3.3718936089340983	17.205345345617115	31.81403735814223	41.05147830729968	3535936
SRZ187295	11.910331983477707	7.1800868417953705	18.904704293110935	26.514799783083028	35.49007709853296	2666458
SRZ187296	13.01464506825538	7.080227630889225	22.21898700656512	35.19844910454948	22.487691189740797	4780722
SRZ187297	10.493390895801157	6.260921274790777	25.4719819525381	33.98618123210268	23.787524644767288	3390172
SRZ187298	10.358244584649048	6.250905409885165	24.937010134369494	39.90429095407761	18.549548917018683	4500724
SRZ187299	13.874152396074864	8.731481530164972	18.99000839498124	22.17712183588951	36.227235842889414	1141158
SRZ187300	11.447144862229445	7.581913543352562	14.357552029118846	22.559584169985293	44.05380539531385	1489070
SRZ187301	7.378017425389063	5.624805953351186	11.813923817285675	12.859228858617612	62.324023945356466	1649088
SRZ187302	11.440626047927362	7.746359661567828	26.893040472566874	36.3137462274615	17.606227590476436	2481088
SRZ187303	6.79849057400967	6.23007919469113	28.903025453738838	47.04835391761534	11.020050859945021	1514748
SRZ187304	6.293939301612656	4.607318371254969	31.031478447904234	47.99466618609617	10.07259769313197	3085222
SRZ187305	5.27035231102043	3.3699419411111498	41.16081274759561	41.504180547390426	8.694712452882387	4164048
SRZ187306	13.394734048200446	3.6599594325020535	24.948648029458933	51.83475729348852	6.161901196350043	7158440
SRZ187307	10.25670625243503	3.2093692731706613	19.525331524797622	33.21597090951069	33.792622040086	3326448
SRZ187308	13.67696233720521	5.479867501382813	23.426264645245638	33.53281980690904	23.884085709257302	2545536
SRZ187309	8.794252829401213	3.6028298908920515	18.76983669591932	34.149665398775504	34.68341518501192	2654802
SRZ187310	10.19617407563873	4.003254808536831	21.178539749458135	36.98577436714879	27.63625699921751	2755308
SRZ187311	14.258844339999987	7.329223392742518	20.748736202868	34.02860574969297	23.634590314696524	3125106
SRZ187312	10.067088288229447	5.978953334214711	23.858242873614135	43.01656586129469	17.07914964264702	3797086
SRZ187313	9.987841918281697	5.023514016348004	22.411446663635786	47.42194862013424	15.155248781600276	4051626
SRZ187314	14.27665637407125	6.344882321759614	16.257696261376605	33.90538101313892	29.21538402965361	4097444
SRZ187315	26.796356574034544	9.451339139190026	17.583651470918483	26.719115153878235	19.449537661978713	810446
SRZ187316	19.537641690256784	6.858562195352488	24.03152899849486	28.065498766454255	21.506768349441614	835802
SRZ187317	20.990214433864526	8.011229405718924	22.311131982591537	36.70689232581754	11.980531852007472	4855110
SRZ187318	15.69382321560949	7.086549221403243	25.377793358998932	33.4765672061363	18.365266997852036	1842674
SRZ187319	8.621092990639323	6.499207587827056	24.826608355088517	48.766571738287624	11.286519328157485	1821022
SRZ187320	7.060398791602545	4.834292525963361	27.362574814150438	49.90976626107799	10.832967607205667	3130758
SRZ187321	24.795745494483995	6.160628926902366	20.50980252655731	29.824759550182087	18.70906350187424	4497820
SRZ187322	19.38805854331248	5.082516947885869	20.08659735614543	35.05547219984262	20.387354952813606	3840302
SRZ187323	20.913413429858586	5.125166004837813	21.014674140643063	33.069358508916615	19.87738791574392	3347794
SRZ187324	18.67395677753767	4.539972841827384	29.103129158679966	34.301097586286886	13.381843635668096	2948652
SRZ187325	15.316591432692128	13.552183033958306	17.68318380190676	20.54613309857836	32.90190863286445	854224
SRZ187326	19.021799163380862	11.224880214261587	17.30693804760052	22.48994248043326	29.956440094323764	1249314
SRZ187327	14.024591001464561	10.735735126920513	20.774060240006357	26.198450452262286	28.267163179346284	1233134
SRZ187328	14.766236618648705	11.385580217377546	23.169235083678814	27.07949952784475	23.59944855245018	1611758
SRZ187329	15.736256101058004	6.236911597457079	21.602331186280022	36.72928635122478	19.69521476398012	2671258
SRZ187330	17.10506547089348	6.600829798791128	22.50197708725105	34.335607877970375	19.45651976509397	2422756
SRZ187331	18.852275274602107	6.722884885380903	22.195061881334137	32.82424285326632	19.405535105416533	2712288
SRZ187332	12.702145852554633	5.5836727244499675	19.343130788981387	36.855771663700885	25.51527897031313	3375162
SRZ187333	18.596097066337943	14.14778658130449	22.871827499478083	28.72523386784106	15.659054985038424	1005910
SRZ187334	17.61109801400723	12.445291119333815	23.630282912086546	27.035302145305614	19.278025809266794	1365866
SRZ187335	19.970722638747418	7.313217671058271	23.147260674269877	33.461686175630774	16.107112840293663	1796610
SRZ187336	10.278009038339617	5.2451023525403695	25.147273494380933	39.70427978692442	19.625335327814668	1772892
SRZ187337	13.262688598675167	4.8037039787578815	14.528230906990249	22.42195213705598	44.98342437852072	1642774
SRZ187338	12.564776211754902	5.153404540385177	15.698859539474505	20.708178331998514	45.874781376386906	1603212
SRZ187339	8.983110476667756	2.948558624000351	9.454808987835055	23.060159910098026	55.55336200139881	2370582
SRZ187340	8.988762777518335	9.532688563571185	57.400752156188595	11.25414261188154	12.823653890840344	1773036
SRZ187341	8.718861510454223	5.230573855067862	27.7028065381751	32.051513713516606	26.296244382786206	1184306
SRZ187342	10.470112482120612	4.63109869990043	27.5009481224335	36.96938878417325	20.428451911372214	1408046
SRZ187343	9.685116215653771	4.27583188018916	27.435601195046633	41.43314699599817	17.170303713112265	1672236
SRZ187344	6.891100012914781	4.0620533933941605	30.000468338208307	43.83830126635813	15.208076989124619	1409238
SRZ187345	12.65754918288601	3.20962104670279	25.69339135744709	53.75790038641983	4.681538026544282	7087628
SRZ187346	11.889597882864281	4.167319731499929	28.21292827238229	47.771114841953285	7.959039271300212	5308304
SRZ187347	10.9391411532886	3.409779428998012	19.605558979522748	40.284112117082316	25.761408321108323	2304020
SRZ187348	14.491368420670812	4.376138627598383	20.539685677572404	41.63008398072823	18.96272329343017	2205506
SRZ187349	14.987322582353563	11.557468753310031	22.01551080394026	22.285774811990255	29.15392304840589	1208448
SRZ187350	12.44093193054462	3.1134023801804434	28.16945692410191	49.73415657506737	6.54205219010566	6736296
SRZ187351	15.490934924334931	2.7334870465993424	26.594443726392797	50.07958322072978	5.10155108194315	2212778
SRZ187352	19.166806721304454	5.836488681937565	24.388702698605716	43.8689846533071	6.739017244845165	2427624
SRZ187353	7.391762995313848	3.489559750039047	13.48075504644518	28.71451820238205	46.923404005819876	4059194
SRZ187354	24.57104120204018	9.266267260667403	15.059397068819107	21.60019615726476	29.50309831120855	1109314
SRZ187355	15.670049618195087	5.066476059085574	22.672255565134964	44.18862657218992	12.402592185394457	4804286
SRZ187356	7.522740556521121	5.3259344648856155	24.092134288381374	48.08621066391384	14.972980026298051	2590306
SRZ187357	12.30939678230852	6.271961410304385	19.1973933735367	50.973898563668556	11.247349870181838	34686980
SRZ187358	12.510311383784725	7.026911158053742	22.689249753505784	50.737286287259955	7.036241417395792	11746726
SRZ187359	11.530742338843513	9.6229522943919	23.86291655938928	45.72150893530166	9.261879872073655	3223730
SRZ187360	11.458709017278684	6.463331395513887	24.864618008884346	49.758093481891265	7.45524809643182	8101890
SRZ187361	10.709206609139436	1.880061952401583	22.50065913857544	61.27444940399299	3.6356228958905525	15095460
SRZ187362	14.484999350462818	3.581648653445383	17.906733779409855	30.251965536106034	33.77465268057591	4372344
SRZ187363	13.825711365359886	8.4712651257872	19.971149724685944	39.16144614065745	18.57042764350951	2426320
SRZ187364	11.804555187852833	14.345639164317067	23.14228839475783	31.956269191884306	18.751248061187965	1592470
SRZ187365	15.255830772012294	13.886515239463693	20.572086517142612	31.33915062470858	18.946416846672822	1050890
SRZ187366	12.976143718846494	2.894174673576718	23.737941737156213	58.237234446796755	2.1545054236238173	6263340
SRZ187367	15.39183849920074	3.3064232358470647	28.69816119919169	46.931545135572605	5.672031930187901	994670
SRZ187368	15.16132672692684	3.634016186412442	23.095328941004503	47.15703292097032	10.95229522468589	1488656
SRZ187369	25.131857103200872	7.439249642330934	17.135017403002283	27.602442826332986	22.691433025132923	749296
SRZ187370	16.14527632114938	10.537641361205765	20.31088149905921	28.647393910395262	24.35880690819038	1546570
SRZ187371	11.532103928954214	3.839572099865415	21.263965463066288	41.531655049616916	21.832703458497168	5079316
SRZ187372	18.705273083381595	6.75003565057201	24.18032786885246	32.753562874512895	17.61080052268104	2748904
SRZ187373	13.787533281690068	3.029723947939485	25.269010963078486	43.7036044262724	14.21012738101956	3118832
SRZ187374	23.2564615863695	9.357177810400819	18.39886115930424	32.51888429200587	16.46861515191957	2247900
SRZ187375	13.30453395206209	4.1922774238631195	20.837149505763268	35.96216731456794	25.70387180374358	2358384
SRZ187376	9.070532084143538	4.928878675387425	18.53671950189539	27.096105120499676	40.36776461807397	2545650
SRZ187377	28.644211636104536	13.713132108917229	14.035794040891751	25.53576652483831	18.071095689248175	690506
SRZ187378	16.618163635676886	4.801080616354215	23.65799787402042	37.23171198912189	17.691045884826586	2223916
SRZ187379	7.148224495166916	6.260085050843542	8.577726491634841	13.604919658986844	64.40904430336785	1679466
SRZ187380	18.135349324417263	6.628011554210621	25.543746230597495	36.74699241358149	12.945900477193131	3780440
SRZ187381	22.12540552304822	4.0676427180416095	25.915388225265644	36.52263561076135	11.368927922883175	3528776
SRZ187382	9.89980088194301	7.519922787627697	15.677424982444602	21.274694435676334	45.628156912308356	3187054
SRZ187383	15.054674148126862	4.650302232842804	19.429210968102964	37.20443442883286	23.661378222094505	1983570
SRZ187384	14.65960796955007	3.8665790528617068	25.46854788383732	45.77256503189776	10.232700061853143	2903652
SRZ187385	14.795989389740903	3.7195895254070175	26.282617740728522	49.44391505947698	5.7578882846465795	2600502
SRZ187386	14.305721096543504	5.5034461315230345	21.959695807638493	43.3711846400995	14.85995232419547	3087520
SRZ187387	3.6380935769165883	2.7169359750431057	11.185209437183142	17.823749081415862	64.6360119294413	2797784
SRZ187388	9.110034118171844	3.825334249581058	10.78580298262746	17.349783596754556	58.929045052865085	1327152
SRZ187389	13.502639790447823	3.995704879389052	27.075667520383377	47.405160746636426	8.020827063143322	2060012
SRZ187390	14.938376410807642	6.807095975635576	21.14664256282471	42.56536945652351	14.542515594208563	1964832
SRZ187391	3.2696519409809173	4.879828457249557	5.094256895303079	8.480175730976294	78.27608697549016	1833712
SRZ187392	17.65476266251856	5.039023637398866	25.291031495314634	45.83566213752399	6.179520067243948	2293738
SRZ187393	23.670745532922435	3.970456924430057	23.24017376705984	34.9047391320342	14.213884643553463	2392168
SRZ187394	23.47132675036504	30.994179340325235	15.721781801937553	16.413193495262796	13.399518612109372	299966
SRZ187395	21.526928293709478	5.539797117692237	21.56952266353243	26.284186973310636	25.07956495175522	1502546
SRZ187396	13.185391064277054	8.975799276956202	8.188095288897465	9.809516829739605	59.84119754012967	2155886
SRZ187397	8.290242197588686	6.494038851131216	25.870635763733944	45.1931301659012	14.151953021644953	2532230
SRZ187398	12.098256160854971	3.549329837099678	23.5516847674374	50.417735536031095	10.382993698576854	1511722
SRZ187399	22.45052943240424	6.102153915451488	16.40928032760883	22.325973258187645	32.712063066347795	2912742
SRZ187400	12.110570582526687	10.408838679174858	23.80869435389554	33.177706721078955	20.49418966332396	642992
SRZ187401	8.713359931735893	3.865488078490546	20.680137187136566	53.86163339669947	12.879381405937528	3035270
SRZ187402	9.008214128964308	4.463416598849224	20.66815927776494	56.74652437174448	9.113685622677048	5313284
SRZ187403	14.929097765667805	8.110503587698219	9.785440619098138	35.19831840758967	31.97663961994617	7572822
SRZ187404	10.988833416137227	6.837636446221829	14.286953039756412	43.90253138927434	23.984045708610193	9295054
SRZ187405	6.7017517387908905	3.456987482336821	25.681579521519	49.96258362610541	14.197097631247871	4904270
SRZ187406	38.45217746559896	3.4336006272888993	15.092307100419353	28.34625834263091	14.675656464061879	4366728
SRZ187407	35.09057559942516	12.674532940019665	13.567808789047728	19.573595038196807	19.09348763331064	1057680
SRZ187408	22.0499141882839	7.369389190860492	23.405985759288054	29.941343323041902	17.233367538525652	1785304
SRZ187409	5.647907572960033	4.569924173759634	11.630990032453171	18.798274783805173	59.352903437021986	4697846
SRZ187410	8.746965828974497	5.665855255125585	23.59214119526507	44.951946456495214	17.043091264139633	2899474
SRZ187411	16.488301803461216	6.533096820596008	17.390393579071304	37.92624145969222	21.661966337179244	1938162
SRZ187412	3.938878876131696	3.115197465649618	9.986238365193191	25.734914701099836	57.22477059192566	4561958
SRZ187413	17.690861798002565	15.756603192306642	12.877248673121995	16.77384383201588	36.90144250455292	1025716
SRZ187414	15.897569248683142	5.630331579056373	23.006993328838334	38.48793138759702	16.97717445582513	1738228
SRZ187415	10.312626253754678	3.6911108573837588	20.079067786189814	45.72592615362996	20.19126894904179	1821728
SRZ187416	9.928847931250644	2.689957099239479	26.633616691251387	39.082947665803246	21.664630612455245	1183662
SRZ187417	13.007473757324	9.828462508100348	14.67029594902998	31.19157490356146	31.302192881984215	1632646
SRZ187418	9.075409054309393	2.88809893943451	30.703129656946	50.16269447406492	7.170667875245177	2113778
SRZ187419	7.849907023707154	4.158798610901056	23.774419780400223	42.338566220582116	21.878308364409452	1388526
SRZ187420	34.423534466981245	9.654733391156274	16.07705835077305	23.097930310095407	16.746743480994024	1256710
SRZ187421	10.451988933221893	2.8287177591994563	23.145265428637114	45.101059909715374	18.472967969226165	2792502
SRZ187422	12.866220072446627	5.002885888282359	19.470296161365113	32.05051812206182	30.610079755844083	4709122
SRZ187423	8.429206564371935	3.127280499240395	24.006207771652587	35.60630712680683	28.830998037928254	2077396
SRZ187424	7.409411767877385	4.1156434618635105	7.081335649904772	9.39896293440769	71.99464618594665	2967604
SRZ187425	6.595438648723367	4.860814408255825	8.219673316462352	12.016707297504732	68.30736632905372	2069036
SRZ187426	15.638245283191592	15.734366560780687	24.604300740591558	26.62444959125571	17.39863782418045	873896
SRZ187427	11.519522825161756	9.338316704319277	24.76854844386988	39.43757879848707	14.93603322816202	1562530
SRZ187428	8.749032812723886	5.024502077661556	25.137483880212066	46.9245593924631	14.16442183693939	2791600
SRZ187429	9.090669877271688	3.812128053305781	19.528644661420437	31.414130456963466	36.15442695103863	3724324
SRZ187430	27.185457612031204	7.66671240165583	19.11198267870947	33.34555907677789	12.690288230825606	5976460
SRZ187431	1.954884138856933	1.1261968897256507	8.046333126301134	85.26791892819803	3.6046669169182537	24711132
SRZ187432	2.6531751954981564	3.1405456524973494	11.322757479260847	76.63797410973228	6.245547563011358	6600318
SRZ187433	0.440134567369213	0.5233415917378839	5.132798273181281	92.87693180417597	1.0267937635356503	20332418
SRZ187434	2.298960654232158	1.264844074311644	9.555012784113751	82.31686377369886	4.564318713643594	16790370
SRZ187435	17.834618987272027	4.887404264697779	16.717697944790345	26.82332359909637	33.73695520414348	7259600
SRZ187436	22.719121918026616	4.574822859979258	16.16079103641088	22.686660629140867	33.858603556442375	2433668
SRZ187437	9.597619986758138	4.377826221702565	11.26148097538986	17.68034992322538	57.08272289292405	2271584
